80.176267890712
48.42384746428239
57.203818906901446
62.58198497488466
64.44528304776442
59.315747075481056
83.64418731461004
77.32797087059338
99.2186654299907
46.28709915411283
58.60522613232928
68.94518430433827
72.64620710816388
67.9518966266294
67.08310559546162
79.98562922715797
68.64016514600071
65.796896512415
55.58229211452204
73.59544423375958
80.92881458790526
84.96359502059941
87.07389896581428
55.690936565198044
84.90095136175265
71.55842563665989
77.50669473103414
70.04581704940196
73.67838305495309
49.91419845668567
39.1190384201333
83.85839444603599
63.96983412628226
66.37923428354208
65.63659298082183
68.03569769295211
55.76797475388386
57.410611421478265
69.26499274030918
51.354517460497966
49.74407347763066
59.762614793317375
68.24878927128262
63.789734948013496
67.94329779279342
65.25867879027665
91.567422389544
85.66990946038631
79.54274729668974
54.30817694952974
73.10542919056623
59.734653798905796
82.25280324932065
66.09662297514129
60.23715677684525
51.68691068150429
68.14975609559582
73.94352517914702
75.1154075218923
69.16593934734614
74.70274062465732
62.43888705133942
107.28512868569626
75.44138839678449
67.0125093720528
67.5684588337003
80.09658104430206
50.01283202474721
69.58477636918734
79.06480342410602
71.93311449071581
63.803870304618286
70.3339251467653
73.34059585475927
56.30149772937549
70.59420534832631
61.857077206978126
58.56285339792239
51.965167610214436
59.378210743632444
72.25513358176383
92.93815795279838
84.1227164250225
72.76328588522576
69.49915557417734
60.57475873028362
79.20215309732431
60.63823248463506
86.45073199830458
73.05078829953268
82.05763753922858
60.64097657150153
74.24249687654086
74.19722804973429
50.369061698575685
63.401031558996905
56.78554216454066
66.09184219561158
86.85864441225527
70.07105504663772
69.72316305051149
79.55058693584323
59.59115629119705
81.85617030646839
55.54757541776206
66.81810760915594
82.81909948594962
79.96939703871269
63.43197810038318
48.94769349531949
78.21279210274803
59.76508840238469
45.18390052487316
71.15480285882451
86.18660220152181
63.07766097599036
70.3137650180172
42.03258542778838
84.67110948097603
59.54974341193861
62.88695302262862
73.78197923170896
61.13091455670865
69.92788447987938
55.93424708736494
77.41400403262747
77.52075725270063
71.55697818024767
63.526339218836085
40.89985116604771
75.7533079688684
95.81747755711903
75.7837136765397
64.05826778466759
73.13023290832245
42.689674132095014
39.142208220530236
70.80171247190239
74.73321873476151
69.08065553229673
82.86561174041665
93.1399890230688
80.14454447606265
58.83979702992704
84.80140006523382
48.53602578714893
73.39646600384465
56.126327131628656
54.88494675358239
94.96088212192902
87.63358720792613
47.72139810042196
73.75033130572065
64.5283766331754
50.50903709125008
67.74886679954977
46.076952682528706
97.18696162394043
63.919960979567534
92.01008837648968
68.64712237559037
82.34890120327304
83.6505928492507
77.49843525453977
76.62135207640237
78.7263038615347
50.44016840818588
53.98748362435516
92.89178538159074
48.467582412640496
88.3411077523671
83.07322119658974
60.665457627058025
77.87389586954872
69.16396066000102
81.61614871521222
64.23708685253501
62.751053124368674
58.634076563229016
47.84296503934303
89.29850711052968
38.50417105842466
35.82834009023297
65.09926440546386
53.21647092649411
73.42214316805284
69.64604128130007
85.56996642755229
58.12388221050046
79.27247403428056
90.85459444311624
87.92042709990996
96.24121415631384
78.66090343175253
46.42782172282309
60.77151740969329
94.95553132537002
66.05628340252333
86.74105681307283
84.64587328087865
82.74901416414168
89.97763171532279
70.19781374979563
85.32783926686878
91.50200514516763
95.86892803254506
64.27962397974086
75.78913426786622
65.21410600766994
84.43726883992483
74.06470095416428
62.163347555071766
50.13008961183905
68.14327468466382
82.08902026423205
68.66986198326208
81.53692903844845
67.86483189029073
80.91047401304289
75.7884978715717
84.53652789338871
78.76042762650063
79.12784669538267
66.73733032193925
81.98157588650116
51.22714877637594
65.22529631437361
65.45491168579316
66.90336625167016
80.64173147948578
65.01795785486539
67.51563606531329
45.07526051737033
76.63311153678868
84.14327387038502
64.74589417884143
64.66410424968483
55.59006714869899
79.74154930905445
76.16724433315153
72.65946243213054
78.82551101452874
65.40616052481086
78.59651595101776
55.05567118144947
79.55903981196354
66.5755893528022
78.44062293016698
105.46138371866378
92.6963689079295
89.42204174928197
83.04186861217934
92.60031705572307
88.13281267151866
97.27769605171949
63.40444576043485
100.61266802390885
107.38103674782293
83.34694405536537
84.33734947030509
92.92922124218377
77.16303565241154
110.97667764312432
91.37878535531888
85.17657042739117
106.97168423659934
98.06473547746107
119.67836942179625
93.37631694548514
69.08795396160491
86.2611211015935
72.43158961497693
75.60661526779434
85.48819557473678
85.44479631596128
89.4515207867793
75.91507541223436
88.39036487077144
59.3877704485242
72.22429066356806
76.38855301564588
100.65134843517195
85.99643552322905
84.92522351710907
108.78533688398817
69.85365295598811
74.12926456068011
71.6969337027615
115.20431196107684
97.85001260688517
58.708535727519596
68.68616085567507
97.86567412425009
90.60932136331601
104.63807720899666
77.38100420428421
65.96193178929096
82.59260575717695
76.35083774930075
101.48479205613407
91.91614630449334
85.0912528257119
97.3987097795855
98.87172311664709
84.29186273404144
83.26738730450207
99.04260264205787
78.23418326522508
112.64836254308625
85.67312832317266
123.34887930173804
97.01016231323953
76.13829953456121
104.51801009743872
103.47216526229047
106.17526935582512
76.7615328128919
82.29507976109444
100.86501179208564
85.8201691590923
85.06759159032907
62.62810127385925
97.89884487947305
98.39484917373855
79.32261477875707
86.30855243692349
90.06210745704097
63.59956499857579
86.60648392872227
70.50387746470444
77.27008768604485
80.98109292780363
82.34985502891645
113.06239803405528
98.52367225729874
65.02662390977275
87.11255093654498
109.54897635582621
84.81597075000003
84.49775140655615
110.76172137344119
110.14532650168002
90.32962646547547
94.73625786000179
70.72825855419651
87.0346763867433
96.47499505515432
106.77011291391257
86.45755551898414
77.1326217922302
76.42995746782734
106.46130480467714
106.84397499916055
71.29120812255643
75.20624906398018
83.65310660806131
109.20830408904663
100.24486856584407
84.55561185741371
106.38455719907508
96.95240938909534
130.12213505119223
115.98959512962816
94.74084149517533
63.452017470514726
113.17341597489869
104.71438193855094
99.26063916180559
75.35389221649693
68.97577695930832
88.83259510896387
121.8728010681665
134.33642083749885
72.20564996617864
87.76789135824927
96.34202919421008
100.37339783396237
104.06383126288108
86.80538746933875
74.09205552781651
119.15785090326175
112.40848383813398
116.78957414750577
56.97623269254549
95.65538133109273
111.75380897966224
83.35465126560592
103.01097768458601
113.94685235198507
89.89474243391153
90.39683516090194
41.75127961638458
96.7903648967631
62.30564977424044
94.84175130275071
71.70936543454803
87.736016477723
123.39340324968347
58.461172826853954
79.52259752510336
113.4585100539087
105.8629763540463
110.45289436302521
89.7085630316198
96.25716009980484
97.27699228438884
114.6126082666311
102.02482668020275
102.31174748267053
78.4063917565882
107.71119346376348
110.02172316816953
134.22385409810173
110.15641766295154
101.29769341419268
130.15948915915038
70.06158479890338
99.09484444000906
102.96640886109265
109.65401090843734
102.51814021649871
132.67882084196756
98.5802780552746
119.1530003861902
99.60957955381372
110.78057008830831
91.32992530183628
94.84081573406186
112.53925970690305
101.23456934788919
80.68811096821798
150.85871167132055
97.33911796029975
82.6868465231009
119.66527317254766
117.25057815515368
101.54034990978467
115.72687098794542
74.01651764207422
99.80425000725171
85.26593769976918
132.3002197882726
132.41977830673792
97.3963239293996
104.73603435539546
106.54739736096062
87.90835632699539
115.27122398130385
87.98141025017975
110.25359285745535
96.90923253235626
99.07720317398525
109.50180417110226
78.95306980049456
118.13958428162557
119.63437262635297
109.26864080979038
109.83583236693471
78.4484304348533
92.79879743473512
118.10251275710726
140.03593318835453
113.21010021454343
119.39696997750605
113.44988450845231
102.5331285692836
113.86832980926424
72.41850558756158
93.57909407573341
84.18832958525412
107.0209239184943
118.10569406443511
107.04891390001549
104.4081218111846
124.45384055392022
112.43020558540708
101.56282056093612
127.0922262890049
107.09042453535028
79.84716763201749
113.88574604481822
84.31986737411574
110.12619063420493
102.23104778615603
86.25547424614699
90.26687712058836
93.69790922486153
90.12669070412545
91.14448631035256
100.22888862066459
90.14405393011573
133.3609570603058
104.33920703966578
124.91965150442238
136.03124978505565
123.54829571476003
110.12133257028017
126.33823586555904
89.11019899084596
143.1048863916527
95.27734373645846
123.44578983987874
140.16616955082543
137.83405018469125
110.11619499020365
148.17323837255645
108.33269962844831
107.06610671442279
116.45773757990531
100.09687503473279
110.2366016115322
104.36532024985873
124.95682852919776
104.03481825858978
131.92050186978872
139.28197131137594
130.06282101832096
143.53719258464483
114.4354502868262
136.91136284182247
113.4375391823308
106.28217196644412
137.5754282215822
104.4017558625035
123.45457470163231
138.5121667049418
122.39436107772136
121.36798616036687
127.14846553592005
138.6516101314565
133.61524826240327
131.68824636993472
121.45275138651094
142.964067271601
130.51688731830905
126.26082746429037
124.3992304073551
92.84435249641778
139.1744985280756
135.66131068347673
138.39000074816687
109.41228784057772
127.92248793315076
132.10469163736443
115.10164302987747
130.85985434916418
111.32351425509498
107.71345093930873
119.95776545462238
145.34590840912097
122.22441019081118
144.7634855606649
115.54865788163954
130.03134108233394
153.7163706054745
144.65943982243618
129.3722129791756
119.47929471547167
132.2598622980883
113.55859245475902
114.06133106091374
148.88565359352407
107.37679765739986
116.11417568909792
116.20869121651346
143.95067865823367
131.60515685407788
121.92843152633549
155.76809037800248
142.32714970624374
91.63055242705755
108.82393477445605
137.35568477987468
122.42500536913846
141.64189806794306
155.29622260776043
125.28733046236331
136.1203314582564
163.54749920041743
137.87557716155843
113.83213155566817
155.42384325526564
150.02867101761322
114.79441796334073
118.17365326409048
147.08525856101545
130.9391054517732
159.3251848707376
125.86256721455871
133.99312584877526
140.7764046542509
142.46145769553664
135.72413159376947
155.2863414529621
123.12636487877828
124.50614286785274
140.53148536613858
153.57588797164274
153.5638335532557
134.25128454350158
135.65017044506206
138.93178997325032
151.91353540432837
143.60677959197878
122.57715022647851
153.5488055889904
118.57962999229225
126.39645590247326
126.81790422058239
150.48083775903166
154.45880091930226
149.7074734333637
142.96751146482814
142.09332677819174
140.9224823198539
140.08072699523092
144.37260444717091
147.58410816443228
131.57924615398034
127.81378109561813
149.33344762299387
136.24488880666183
114.5857201504078
136.3186057782232
152.05421415797193
144.01950878160827
129.1288215892468
137.5912947454903
129.57792863331403
115.75148123940973
128.9922998158491
153.54538110985442
136.654064847594
150.1090784509831
140.24414463483654
137.76330254327496
119.43457878531908
134.2757956276318
104.29883555094742
135.56370514642083
130.0594422080413
134.72951048208145
114.55989362735222
151.3281390812262
154.75956758668343
135.30073740314086
144.27298036503754
127.30426732468266
144.8745659836668
113.55562023398845
138.05898913009625
118.42696109894268
139.71162813238826
160.42976897924456
150.51771100986804
145.06015329585165
149.51637897680874
141.19944689569417
139.3838345658246
152.568638104365
143.61968692512846
142.28699253483384
140.57640602541224
146.18023470533018
148.01621798177644
155.35381155909747
155.46672711014966
154.8408500830098
132.15746046501536
168.98359380685974
136.7362787954251
144.4354303557122
163.71640136863218
130.448780282769
161.45888070754853
156.65395832358226
163.17099409536598
157.77236139724457
154.2037252866198
166.43434147586746
137.24325644948073
154.21805980977948
162.25288731816397
162.66432504319323
150.57138743108644
153.13562542996738
151.81958099411486
133.38827385140075
137.60648672240566
156.6312365294187
154.6088961137531
137.74352241175131
155.78141240128474
152.98678223270335
138.37247114449883
138.61700056917687
151.9424816464065
155.3602323885242
139.12759709662583
149.99718953291344
144.75860756021325
152.4519524879654
120.90092137067347
142.4635220219215
156.2698963387943
142.5577530931282
147.84756930471997
150.1416103044573
143.6795587264333
154.52320126899036
133.66990445280942
150.14211086361863
158.20665756609534
144.42645920976122
158.2828725230975
144.68952712116163
153.58832454856986
148.41563769551797
139.06537778186015
156.76911357616254
149.89072184750626
152.2323002923948
156.89020809358254
132.4917762861913
144.86814546508293
159.16878294625792
154.70208738391236
153.14836228179203
158.0839673200667
144.4890231275663
160.0277036601425
141.97525465485518
153.7843530386635
144.8817392567293
150.32817370947595
140.2623254507875
142.1423641203324
138.18441119813795
149.20886885050007
139.08585529752546
127.40633819417025
139.85576875103717
148.47790318933002
148.30603409740752
143.60986963976066
150.44292492431467
153.88384548504635
159.8627876122882
136.51324163288368
155.00569342041555
142.8279353068119
132.0960940456375
126.63789218766365
130.0864089010065
138.93592729264603
156.05104951399062
145.88512511175102
128.70977586674286
151.11899012410097
158.64721610325145
159.37707296228
157.68295376464076
148.46681019792015
141.17043648280912
152.53702232805165
134.98744012287014
151.06194687326297
155.0531689394987
138.9217618274381
157.62712516012408
147.30093875794324
153.6273244595042
161.06202451153268
162.65163470073492
145.6027085193497
150.78104828132632
143.9240283078962
156.07078369451162
142.09049791436104
136.46636233121936
135.66736431485586
141.50188744741342
144.18556355814252
156.07470917805878
151.05807925854734
144.18874467769774
162.74615957737913
140.73460855856496
130.93845013012688
138.74028999331475
124.04788834287702
112.57118915820665
151.00779619594365
150.2529592798011
144.9365137832501
138.65885684913158
138.62476551639628
147.68800810929275
158.99603947252177
156.55830734149163
142.96542960029456
150.36404208946303
143.6772008745669
151.84007196232105
152.7202651419529
158.12276136448375
137.8607402966998
159.084089734348
153.75878408270742
133.53272305760484
139.74294279326614
153.84215675325362
135.429206679923
160.13975434073822
152.70334110524414
146.55635708731813
137.81177770824337
140.1826259321046
146.3496789002114
144.48206205908852
149.94553662548688
151.9241815603948
163.30233298494892
150.36438965998244
154.68738607323496
160.13521616277058
145.0951091105972
149.93529767709214
158.95294714181364
147.35884460248877
149.3065377197392
148.61261203676082
137.38833849409053
145.2052077480613
132.45305260066849
119.33713018379262
126.96138815858312
161.32490655441282
156.73441327101452
149.83782193639922
150.58341238961688
135.81949368177814
147.6061464820728
151.746734446871
138.24069186498548
135.939435765312
158.75281119137009
150.94973455166
126.83057640615205
131.9712184731618
144.28678226604612
147.92522216387144
162.71495206335644
114.12632517250924
138.3445396241753
140.6683056104287
147.51873299339184
135.97007162320443
121.86425184376445
152.47763560976705
157.10678316657584
151.0106308946654
157.6990432928033
166.89632183953847
154.31750476342245
162.67676885869844
147.27036317321497
130.5925659695581
166.60744653749882
148.45823623225138
156.18364864155131
160.50706779715438
147.36501254888316
138.6288954317519
154.0713462182008
147.65080803388878
163.69131843432024
152.31750915935956
156.67405460003235
151.39543305462462
160.02927500612137
151.0389096088355
153.5162079153655
136.4102012932536
162.6618938952619
159.13079015177723
156.85008406234635
151.2053983601079
142.35295156219289
166.32978072746846
140.0630008314933
140.52293196743284
145.15577199724072
136.67528597009232
154.99728779854811
153.90417896201555
129.39848039280216
156.1239842381129
144.92561907947774
142.10900602680232
154.0747152204287
126.53038993227753
155.8500564661259
157.48384670693432
144.683857836036
142.71693735240325
145.2059443830763
155.59295902060634
155.58842711224153
152.51743774117278
128.18712299580494
127.55515425385005
141.13800424123355
125.9759296175004
146.61593725204463
135.50456690895484
117.47835208557326
132.0917451386124
149.95784867275512
135.7322116778424
138.65076212269966
154.83115584667829
136.9280478266085
147.46901243540654
167.91571188323903
154.47968945589338
140.24510389279658
143.0265291561626
148.97788971233746
134.29977095933845
148.90614076620795
146.4544514077419
122.43601927709356
136.7394730258705
162.40195571452335
136.33957019496452
162.33924462206082
138.67741480053303
164.48762252197486
160.3197129508809
141.517250004645
138.72001927894442
152.58665633693468
158.43799693538088
133.93283188566141
124.56066825935481
136.15994628518135
148.378610457979
135.1933087572771
137.77521828798314
137.54745382604284
153.45507249548697
145.19443288668998
152.330672550351
142.187896105987
155.55435081590994
157.9333510864396
158.27671420145143
156.1324810891748
132.87562824102613
158.36715932552877
150.44136193338116
115.12698610868588
159.8493388409551
123.64614116904703
147.60504678120853
136.4555834997268
155.6625526158312
110.0742290881906
141.09555070806442
152.86911069597426
149.36121234156715
150.05323307917374
131.01659355174246
126.39795497588585
150.47468764076075
145.12729386586835
134.86649925331434
144.20718316793707
162.19349021106154
146.22531817896916
154.7325571629347
151.866351337956
146.9984171730513
166.0352404244199
151.33351192275876
161.27558342448881
159.0032834091701
157.8649192668054
151.6397672635666
153.0062744538979
152.6462812206636
153.88702737031298
163.14861319441243
152.68884911308496
162.92854606420178
159.53728683424717
150.20713511157928
160.48548919850091
144.8533743321864
165.90754465243356
138.8324237342325
132.88250645127968
140.67936980158234
148.38693499604034
144.3817527935245
157.67355775656114
157.63401642207205
156.35180746341572
149.37037787615122
134.55898005882125
155.89970302529224
141.55493023502774
151.1873720063035
154.25801604225916
150.70464430834812
159.59865215541316
145.77058210806942
152.3321755163542
153.52315625894218
155.93945121541267
145.6710853801874
142.78402180116566
150.37222657654894
151.89474324955677
154.08330209327784
151.94278538767378
130.49064618884393
142.35901722555198
156.65509882276632
141.28956549596518
136.90151685533436
151.04146675340715
121.8908009368975
151.9456354833944
147.0255776602388
149.33504103749996
149.68274711975909
136.0996592864466
137.11823331279686
137.4400086929004
132.77118576064262
145.67971803203227
132.4109588040583
114.79779343542221
139.69704049847294
154.03842995303202
143.30903627758772
139.9847590564515
140.0239588848856
151.88538482319956
157.84201482774273
155.19987497886012
160.14732421291467
153.5672183637035
149.4108792343855
157.5060690864425
139.04758515437294
151.67592988735782
164.56910786574815
129.85175662484022
133.95369770345653
165.84295587048052
151.01563683860857
158.71740840997617
162.127711433369
153.3206935784017
155.66320989885992
155.62829700169627
151.03036759675763
153.56035673672724
156.78595567681347
159.14995469102107
153.4736270779584
152.17386694471318
159.23397367093543
155.89394634262035
155.1813433861371
152.85945527979692
151.29175178892126
163.56029447575162
159.8532520101358
160.07326041368796
142.22352335296586
147.09534169496547
143.34995584729762
142.54531328351592
147.1413937842505
115.16875629141688
141.5560925046421
138.74850583593098
135.06136419676724
137.29442008936147
150.24743935624295
151.98892117307233
145.23436520975068
153.0881750160384
156.36485699933152
153.60250799876812
145.90811486321365
138.14560027372963
153.61215303276762
158.33454181968753
147.97568488244283
162.60468754493368
161.92863764170016
160.02414971513463
159.77466014900543
144.03870405481058
153.9165637593256
143.09237565486455
141.95349759310574
151.34369930965906
133.34736635166155
144.9870313240448
143.54817718862907
154.47346811101048
160.12215168918686
140.1105898517111
146.56959655413908
152.20907120483037
156.8418554464464
149.35507816170613
158.625633817936
144.9722509495948
145.41726422428437
139.86870078921578
140.96725940442863
151.17729686471012
153.6384936776027
155.4139360562586
156.83691423788065
155.7239595893234
154.67398822111738
152.46360293082563
157.22242537383335
149.71123962641875
132.90486136958668
157.06781778931568
154.63580435406573
152.98405084225843
151.14772572403845
158.8587527025231
157.6289435083236
154.27513486323465
119.4647041966449
154.19080003117406
139.46228484217164
154.78908969498593
149.40378858670613
158.13054152979234
143.17115094812718
152.44174706950062
158.13741678199239
159.16491468306938
159.35198173359544
158.07577716397927
157.31659454362563
157.5101022173888
159.7088007199822
156.92613836504879
157.6626679658306
137.70037310828425
152.93763103357676
153.55017724323824
151.5935135291438
150.96493631062887
151.51536432275773
125.58810547983616
124.44947498689527
146.3466890300839
139.13486519823485
149.77702732355954
140.03202035180362
139.47912797081472
129.72091426698736
155.18147982105307
153.8796372066119
157.61646185677242
152.54740211241187
152.71640045324466
150.7522905832733
155.28669098075335
147.77200046416212
146.54404285193158
153.0903042119642
156.51476908036202
157.6467409349718
155.58435022964542
155.9782026411895
148.66522496139055
144.85687747265254
158.88348733985833
148.99000873852702
161.03971693797973
160.49070481175147
155.82564996510874
151.26294268878308
153.29077409757787
152.4348422208471
157.73500288291612
155.84689390252137
142.07705362697124
149.0194067817213
151.01888389133003
152.61694983370163
141.37500312049923
156.83497687820778
153.633226871719
144.96281739178988
159.1925892932667
152.7056880637545
151.88344906276185
152.0118893909638
145.60313952033476
160.15048120751055
156.39303739655438
153.371204916013
157.35705897122492
157.99918759843655
145.84236992841613
156.17887943392705
135.56546332856377
158.11842019220163
153.8624690706853
156.05722044805887
160.1715691556204
163.618442621802
157.72700030298697
142.4492029051418
150.1381210711523
148.7099141359833
153.18265145931002
149.94562423539784
146.41583095930733
150.47149198815876
143.79080183454877
157.54365874665504
156.36028032329628
144.9027917107538
157.99988838339198
158.3627817306321
159.88354041317265
161.18182757646375
157.33078774324764
155.82371519889557
153.63812519575012
130.53839470722482
151.5717453756594
155.6681882835498
148.03956860670453
158.3393546229678
157.15128377350047
154.9302589343096
160.77135754994734
152.43843157515403
154.84491961160938
160.63073958389256
151.95614840125205
152.8075730466669
157.31254452924233
151.7362277843763
164.1556481655
157.43880928513403
159.75017637433564
147.45594667150888
154.58167468583554
159.04395776313265
150.058537890623
149.42732577759054
150.1625455459448
153.70594451075976
151.00875192949798
151.13799830633286
154.71345921680324
155.12821185542387
155.0908316679159
157.07370416917377
157.56934020261815
157.78427429984526
161.51445640096046
159.97621350692097
156.8213064614616
158.07107656198394
159.2203876640627
157.6965285054746
139.48504416359177
164.21555297401113
159.65097349981667
158.135013971123
150.64242971786095
152.6284374709187
147.80690094850553
157.8292203796444
156.11641693542452
151.3908110971316
133.23686710875558
157.53909537805055
152.55406281422842
164.2507466959831
160.08070472291072
160.16384769607944
160.82222808131198
146.9556844342645
159.5723005812002
145.38621711546602
157.26355432352298
159.10971846516958
155.81270034012584
160.42601235176068
153.08377861101093
161.13172943025182
156.05516482774908
157.71298897632843
154.3515023504451
137.42410966085544
154.51895981054003
155.4630883942658
135.3438970464093
154.65781752590365
152.94523561069536
152.47600821283478
152.45409111878925
144.57541664828128
156.74963903832682
148.55669621052948
155.99695131420918
160.7582928696644
144.31421538406528
157.19989823426587
144.2102387028262
154.8487720611412
161.21243910107387
159.85786756060054
153.58694238753108
151.8483711418115
155.1807796779648
157.27482657716695
135.7689186861638
148.96211262072327
140.67412504389665
151.22427484204013
152.35488836677288
152.9843646586771
152.7796068383294
152.98703392917707
151.88115481473346
151.3315986255678
148.7435917981068
149.55194068581548
146.98323652559733
147.85364313374822
147.84893393219832
151.7412093148497
141.4576962131833
148.25281948011965
150.99265514936536
154.3737135764309
152.51035362745688
153.97823974261905
156.78148766821556
160.37697745707763
148.92760036747165
159.25966955014275
153.96717279021883
153.78727226086258
154.598754756755
150.47441799902822
149.55119111705042
153.55924333731127
154.1667838252464
146.6173976438323
151.4962011203455
153.84767116987706
153.48333927533136
155.68539722592524
155.8355124838671
158.42080371168586
161.43829263231066
158.80905156519376
157.5787729411085
146.21688740019897
158.82404402928927
156.2653452510188
161.2912502813583
160.74163186789298
161.02771752469587
158.55945901824595
147.36801380110714
161.36961252932304
156.91465759767652
155.46347601788742
156.2133332438563
161.15261713894768
158.89949689273215
156.79378897940728
154.47310795873125
159.07380609494763
161.976019053258
160.43274384758277
159.49169706644483
154.9738758818446
156.40227561294992
157.129546474057
156.52583210939213
159.6083239365788
156.43494478407413
153.2784077406697
151.05479504915263
152.06157266956026
154.04350145734486
143.21781969772573
156.24688143986273
163.07487878181965
156.61565437654895
156.42176778856137
152.01398121804868
152.1804421769706
149.0374258348965
156.56460535311882
153.65237047861584
154.83999352729552
151.8654255093666
150.3338668119601
154.45854712744864
157.33727688643387
157.2253129381462
153.12808518778328
158.3858020177039
159.67220801638555
160.05943008797962
160.4717515504514
153.85150305929957
155.92163881089178
154.4823714405123
158.63677388258864
159.19569019060026
159.24826414593747
162.99924262991556
161.6445980673641
160.27674370465107
158.18124702482956
150.81730422278264
157.89488890271284
158.99784512743707
161.08696182653765
157.2326382503643
156.20975108609187
161.68049197550533
164.06206365633435
161.11691854737504
161.4069538519758
160.20080578970487
167.3763665680983
166.19518792600326
159.08029222934627
155.2999380835953
143.538557515061
160.43916228659822
156.73687938386834
160.82728679878056
156.46472556649994
164.63610208206458
161.20822951639775
159.44031353559578
167.81557571355114
165.5090221937897
159.97522400761747
165.990653894802
164.30526009777668
161.85046658514165
159.41963069971698
160.78776066043685
155.8989763296048
164.0336647984132
161.60736285165103
162.63988682743283
165.56669014597307
164.2074021596648
163.5591031845374
160.46813020693534
165.01850056320535
163.5644236134124
160.1464697341959
158.62562230176968
158.1786130588207
161.04801441493817
155.03822423301978
163.53288354166483
163.10119432720975
161.67203246319215
162.12830496870015
149.3679190603407
163.99147772182303
162.13338712050893
163.21155729139744
161.84746211562577
162.74415722337955
158.6935777299718
153.8380630106168
155.53308221459412
158.22962367128312
157.4087545781827
154.2930036445272
156.30894606873787
161.60234457051365
157.9835859231863
159.2325457149475
156.16553425061838
156.21689363162332
143.185366367114
159.52085920549172
143.6225775076405
145.65881909844316
161.2915718439514
159.2993345424068
152.5212834978755
146.61642434038586
158.71641575293222
158.7032521271771
159.2130380219901
157.46396686356837
156.05641822755663
156.46216621231235
150.0927306079595
156.63680234182118
149.66430799657712
155.96772748526723
159.24969370071477
162.03958658896536
159.20859296477906
155.44662693650835
155.2664574567558
150.42992534678842
158.93052860566488
153.1182056153219
155.33788875391014
129.71250242520733
150.2025808429158
150.94456370582282
156.29996804415416
160.4594109181235
160.13990609541239
157.73634570272935
157.4403887790756
159.58207318592443
161.45554635277648
156.7244646165827
156.68656654151823
159.40602316299316
154.35151967263903
140.9445554519633
157.24222021579067
154.94823265903378
150.62477318894645
147.5855250477005
152.5382737893842
155.0635434382596
155.38869459948333
153.50940313021306
151.42266651708948
156.2058650620881
151.69975834959484
151.30060099945112
152.49391798622878
149.35740059810095
150.77905818305194
149.88022499616923
155.4245232227122
151.20396246627652
151.24175434853652
157.93809754895562
157.6037090262414
153.84081688980552
158.0273645793434
160.96629344888868
158.9926911484793
160.51717062561954
157.85732277096804
163.85289851019138
160.10876836872782
162.20305505149832
163.55860573775038
160.43187779402916
158.99596950552296
159.65551809664976
158.07913993343283
161.14600798577857
163.03461883666887
159.16950097880493
157.53576903271608
158.20078706731087
157.14700740536335
155.0144941406146
156.1396344050593
158.20668986969855
159.87871915707206
163.8520926225759
168.35960613463038
164.79206112846188
165.21398071330032
166.1297775802576
162.62348154624937
163.13423986889592
157.02229222882545
163.34649154949886
162.76683347933155
163.8994206013885
163.5025533224304
166.29500226331805
165.4094643672189
158.24365869646886
156.95402876072876
160.17654319473587
161.7194259698724
162.44092508471815
158.42755574166685
161.59184041119684
159.72232293086358
161.48695126468343
160.16028389657373
158.69549544946054
163.95115037583196
164.43690784169638
163.3731200483345
156.7828268624179
160.7551432726073
158.71885602244333
160.70928087252435
159.65484719506202
159.76539262745933
158.84704473514796
158.5989847813884
156.03734275183427
161.30786379598717
161.8000927040376
161.09084776846416
156.18633826434407
155.28806963481492
159.1184231991381
153.88023755460614
158.9066738694392
160.0991849610304
160.2568830558109
158.0921201736694
155.56078024209063
155.09030123739623
159.5052381754772
159.23759332076483
159.26287946135048
161.7215291230987
166.67247898713023
159.94314632258605
159.21179357918746
154.9603467268869
160.31264169872878
162.83709872027484
164.1299114005569
161.67674231168544
161.37493044508778
162.91869275603622
159.72214943974393
161.83992354518216
162.75130638419677
163.64811123559556
166.13463724071002
171.2717827218579
164.77672628338144
167.8969260432062
165.24228872333566
169.30954589897854
170.55830053868223
169.19530136916993
169.69607833096228
168.16969136064665
166.1384579404256
163.90113011636893
165.33603037256228
172.28642543109532
170.8057763513978
166.15155482554533
163.87397382592195
157.92984425165164
161.25297720137777
160.11778174529272
161.62763777737106
158.91965674072944
164.37495173705548
164.89821774319716
160.9605656193274
160.7027208900572
162.55249571539102
157.44306148776045
158.92535014420758
159.251506845126
160.1874966876137
158.37472030639364
159.9261273950684
158.04958466651217
159.68176975536122
158.13474786852314
159.8598454356051
155.3552499889086
155.15935788637057
156.6051340309272
154.57306128504175
158.65857133291485
160.39016488399858
161.26707642546336
159.54489902819637
156.28886557231618
159.26335386573913
153.21566564511434
156.81860181186255
159.71632600138332
145.42109297507568
156.94383694389649
155.27459629360504
155.88732581433365
154.9357524253518
158.2137496583045
158.86048366447895
161.6867893677086
160.7166003467364
166.0852837713035
158.3489331681081
167.81828964502682
167.98233112522595
169.84222934536783
163.73614251597473
169.7759675903148
165.4226129629196
161.38066426029417
165.1525913605851
165.30150573591732
166.6198463561867
166.39670845438263
166.01490424817882
164.24411090788047
168.6111032424811
168.18649488174873
171.11493740886536
170.89116669755006
165.77603755867554
167.35028071572017
162.74501719462273
169.0854871288438
164.30895340245038
164.76223252323032
162.15831613217915
165.26102603733224
159.99025299451475
168.1269378247177
165.09782335399296
170.42713712574567
170.84788654367347
169.34207822609142
163.13394232886762
168.9822677116228
168.5165806671106
166.12939378907961
166.64511676223648
163.2416273492653
165.02918966896902
164.34235127567572
162.21062969844962
160.63677256831377
164.9234404633584
161.13518661256495
161.1835828849684
164.38464770102638
168.10264863045535
166.5018263370271
169.14206122809068
169.83554218853712
167.0472899081051
164.6206857866398
161.38961513359422
161.43326653177994
158.65650593960183
161.88931907937314
160.58124432731466
162.92949114269877
163.98471939059118
163.29089220363215
163.65354061348347
163.0359631511157
163.9826713255658
160.45137109213536
163.75340902144762
160.1806537309053
166.2330900445647
168.55078078351565
167.9725699520868
171.58969531898344
165.77239823834427
163.52468613835063
165.83104173189864
165.3620414528694
163.97664999826367
165.24341251102743
162.63660123201262
162.74263528644082
156.07610155199274
162.43363808940933
168.10866316962574
165.4509469657708
170.34500633317464
175.14128208903756
170.22955910552483
165.1149000304262
168.5332497436231
168.55266896347618
169.27125054093935
167.1566173638246
170.75478761623367
169.7613446381806
173.61617660481136
167.60691256260742
171.12104430649063
170.02021685476856
171.45229082738905
171.26775005910457
164.4836161623101
165.8930592627242
169.9347017016493
161.65185081101743
164.79417350439795
152.99006699084072
162.5934697346704
159.52784215627517
162.81473485277084
160.4956012638445
160.07100878157843
156.6264653940695
158.62433538107888
156.81748374158335
158.84530514673108
158.36604935412973
156.75737944050377
163.9391077682995
166.47965723644617
167.0424178575347
168.2672476661724
167.79009728889167
164.6260854440827
158.2847474651517
167.72776479647501
164.33652482818897
169.4648560068821
164.33101186863902
165.05845143653613
166.9405383892561
168.52841924920025
165.79121080384866
163.549739977925
167.90791230955637
165.82246210704406
167.1565733399149
168.0375473362756
166.51456806900563
160.6966863479427
158.07675813762694
161.6491955253373
160.43654797633462
159.66217602557126
159.97244128472133
161.37558038474685
159.61598428858588
157.35853504642023
163.72148777940146
160.78994296289915
160.12414409211772
158.7862364437722
163.0735622578062
161.1670622119818
164.32523991535518
163.6984802782649
166.82581246761373
162.44417398418523
163.5382382526722
164.55627627983685
162.03772478953783
163.44923751930313
164.9145872035051
165.431427676687
168.67200916242774
164.14225446983116
163.18875335750667
167.3029575329159
167.8274134723997
169.06625087264914
169.68502176747154
166.156471852587
165.22832936544398
160.68376976176566
169.04791572149654
167.71214042004578
163.60434782298915
168.24981846592374
171.8559822623897
169.27423072478794
168.87414726698526
165.02599335631524
166.58361593747418
166.18099091206224
168.08691944429006
168.27644569985856
166.88977943693357
170.21471823221822
169.5777502488108
170.52367424245034
168.2417411023833
164.47279327513655
169.64058677580442
169.9301304186196
168.0243245140196
167.80629322855867
168.95579996359282
164.986126789803
165.7779973328221
165.4615543882213
167.20064742332244
169.24500324585148
170.39164780685257
171.40770693600976
162.26276080559316
164.14409485110954
169.59145678586836
171.91081797138494
167.30538453254013
166.23274639587834
162.80305195387808
168.40853010934427
167.1400786403794
165.49484214878964
169.67353936456593
164.70927533431524
162.99093593408426
165.53529822390894
159.3922171047861
159.0289556080881
161.88782301828672
166.95667795536713
164.35630192777893
167.46994759870302
164.56038436191895
168.58462284320433
168.6619579821787
166.36298415039323
165.29290625789076
165.06683612983753
161.32311761612794
166.35579533588844
164.76840512264027
164.68591464472848
164.13515347124869
161.3089882011809
165.35171689403447
165.5925662968277
165.65186460494695
161.3423450232406
165.843389897974
163.98445992017082
166.69042001512656
170.67812579891722
166.92255323385453
167.54433448411842
167.92227767465985
164.3336402584744
164.26006300065416
166.96855671676926
165.974044670098
163.25509653982112
163.2089910941925
162.30512180870835
155.8552756201124
163.11887740309388
158.85626168711212
164.2966451236439
156.6372019820012
159.05354746193544
157.41735607342522
159.32082346318424
153.77322510837186
160.45757599860903
156.93061684599667
154.9849710509423
158.1617519299514
159.60804624131038
163.2138666748903
164.33708456089252
161.67839758248465
163.3607296901652
159.9888123786168
161.45219470508826
162.40690989417004
162.32116156610306
162.50283080870258
163.62800147196413
161.7720268932993
163.00194186304276
159.70012539152003
163.29614684505668
162.4484732051642
164.39112312905883
163.04624648240465
162.22552608598164
162.74417463380982
160.47445999432477
162.0568538356111
160.32418498028838
161.8933905913991
160.91802192944343
160.97182013961753
161.8512575073761
160.13746576570125
163.03383992899654
162.42927826506826
159.92702210117778
161.1070977205276
162.41892741330193
159.07474901497577
159.57363837125382
160.83407254017936
163.1829603676166
163.37579912238084
157.22243469546032
158.5366491650319
158.53936513754073
158.29680430774715
162.4657294984569
160.77743579299405
157.20520416408598
158.9693148207391
162.03668492688334
159.0515495405981
157.39285012422744
158.3576175230516
156.32637068300798
157.4790589834242
157.83444814048013
156.22718466824585
156.16810002289972
158.59858118100522
159.30149100845867
159.21336691892026
156.88385407448956
153.79250064079554
156.8005459709619
155.77085874670624
155.98698645728217
163.4853868927826
159.83226647935373
159.4372427995697
148.92298214908269
158.2008829761613
157.06246732181404
159.2205064763657
157.65879872275914
159.97500035619055
158.15694081670682
156.0511198460232
157.8599546846844
159.05707552384206
155.54512685570612
157.0333024623541
154.04252917235544
155.3754778072349
154.35901085659196
157.3889481359632
159.29782110830217
159.66069337264443
156.98150095106993
155.90032583183546
159.18591615337263
160.0725303253579
164.45694976842813
158.55799063529034
163.61569997357788
160.952422178526
163.91084859696804
164.12603091789725
164.96848623126826
162.81423530796147
168.66177503624073
165.993689309018
168.150376552167
165.06256768255716
161.71710084271547
163.8855910012342
161.44025202083307
161.1952572220878
162.65827701881415
163.18062390742418
162.0399277989917
167.7523502491946
166.89233823185893
167.89408493112578
167.24443595959326
166.13987500869774
164.59761793642502
162.8397914507926
166.72863402874125
164.44415337460754
163.11822191348287
167.05463471091804
166.8235477368399
166.06186951270553
165.91470791372802
162.87814813901034
163.30197711463316
162.11272783575293
167.23911662366174
164.0369501657751
164.4715800132683
160.44147298338495
164.1606957293556
160.62395237005015
164.7665531553197
160.18936923191552
163.39716541771446
160.92384627747563
161.9535480731727
162.27904195611268
165.0986005083887
164.94571787771105
164.0291525816394
164.30475684131738
161.28478670130596
162.66938905616735
163.982729616875
164.28053547944197
167.05714137359953
161.8781228948155
159.16818407243974
162.8961021018475
163.749687032165
165.2451280800014
165.73570635552576
165.00645904769357
167.55132375727123
163.1173999190485
164.47371320331084
163.90829740544962
166.27020761369718
164.93242226329656
166.64443048562256
163.07544901263043
166.85726861877123
161.40065719841104
164.45032484312014
164.17539608812623
165.22231382598613
166.76365440187834
163.94192273137605
163.299143018505
165.1168450514935
163.17188531322725
160.00481334528996
160.10394621666399
164.18267240615643
164.7625233411887
162.89776221542013
163.3050082687818
170.26851125557633
170.71934673658987
168.96171429207135
171.14363423499054
169.83585940708278
166.80585382061025
171.31346192019902
164.89103349826797
170.52312938977005
169.1287575433007
172.50219714255323
168.57794774772262
168.8676554337254
167.1639640665788
156.4474725246135
169.37517069000185
166.81636445078522
168.38477770611925
166.16551571196493
164.97735818224476
168.8167407200017
163.49741674119426
168.13348410850907
164.4610436108979
164.57106960696223
169.39087935015445
166.44304347219133
162.0461099111135
165.68487208775895
161.6849710664095
165.56905439053392
165.34668727274232
164.51846906053606
164.25657193457943
164.02611642836385
161.64052075542196
160.97423194856182
160.76224895241737
161.6908172639457
157.88729495415413
159.2977489195185
159.02557744892525
159.71855492912752
157.93458585783247
156.23217653145886
160.95557552445769
157.39138442262296
162.03107382384522
159.8134687668371
164.95019154412688
163.07423031555854
165.36636695982668
162.6825486425976
160.6784898567959
163.16872963541027
160.46340988602975
161.29701699083657
160.84186685081914
161.7941791809996
160.6894206493802
162.4918700867764
157.6613918877248
155.79176200231663
156.49826816792014
146.7815577726581
158.74833318736393
158.40651589315883
157.67562958381825
158.30689382192242
160.09634955932538
158.1913324906771
166.03869714645356
161.83129003651712
161.82359345974788
163.40666229365198
162.9520655060895
165.4077429291119
164.00928601766648
164.00349859952073
161.20686989080156
162.9812120828252
161.12140151402505
164.20289576262837
161.44874012651374
161.8202468967886
161.42067553043657
158.99491383968524
159.633076800748
160.12413792351285
162.81671886729293
163.75740828750997
159.2862613769249
161.38682315262955
159.97209416768104
160.84758499507439
148.88312408370393
162.5134620767
160.18129897312497
162.4468238321595
163.00568662542233
158.8669129573352
158.52067211296014
159.78440132553004
164.01453798907005
162.22793416945123
162.19151284765624
160.0411852918667
161.40488170650193
158.0568440454932
162.41523606111775
160.9397622017853
161.05199769697708
161.87173209854006
164.50438688789637
165.7836825403623
160.391101761896
158.13531453620166
162.05555109408837
159.00502487811096
159.92236620408545
154.4343336502799
161.59109437366664
158.64863330213976
162.62873937011744
162.6078369189215
161.61575245223193
161.80397343175733
161.19755418159525
161.23965107985677
164.21440546058446
164.5360605121742
162.23505631019734
164.89626306503334
163.2182206199291
164.36770877700698
162.0714770285919
163.15054642032882
161.44696296826402
163.46343616982958
166.0583565250192
161.2099020508101
163.5103668716053
165.69834037082066
163.43317542721553
164.12878941234683
164.3084788458168
167.1752565952651
163.70419415154714
166.8390754492565
167.1044770709817
165.99296093861767
162.11504740107534
162.582809851298
166.7461067066672
162.92499270873222
163.11074193843083
163.18564144046863
164.22423074917646
163.87693621434198
167.5616337147688
167.94954773270615
167.06387524474238
164.7103805042309
165.06576454593525
164.51657385994685
159.60294787010787
167.08337586492638
161.69045654733804
164.74527669375158
165.12756795859553
165.90079200390764
161.38341816989143
162.24502336568546
163.536142797798
158.9961068845273
159.5586426810665
161.050759598094
159.35898494841462
162.80922332797854
162.2696119104421
162.2466541136372
156.99465502113264
158.91638727677224
158.04862102470406
159.2076671954476
158.14064804524
159.68909462123668
158.04476191608612
157.24684003310517
155.8916558628588
158.13124280027304
159.95348726825753
161.04511844155815
158.49835691104468
158.4275152394707
160.40816967754026
160.064200296285
160.0584352658792
157.4083417034522
158.37520065648332
163.86570792862142
160.47583526691236
162.66640708804422
161.29091619022438
159.54866896360042
161.1521763361168
159.541838574131
158.54849683784607
160.4120216746135
160.07175962149876
160.30284092979477
159.98991217695672
157.94443848759073
159.48122699097732
151.09381306571748
160.83883369020722
155.09489075847432
157.38766918096692
157.0006742592462
155.4313387424156
160.4461209491742
155.38648294324227
158.56688798270412
157.1577870331103
157.27448690817383
159.58379848059508
158.09812624876358
156.25237731555467
155.99510526862588
147.72468066210638
149.8409104302959
156.34872926544347
155.1269608298462
157.6532558968527
155.40190014682238
163.7599946883098
158.81307239575696
160.26062559252154
159.713985811503
162.90026482514443
164.40124752274318
163.30208924085014
163.3125082255629
153.03368150095537
157.71071030661255
158.98926792682556
157.2277260313111
162.00500712342824
158.81472816281996
160.5204790954404
160.39362306959143
162.08689899888273
158.76834572349622
158.98208003364383
161.2131389991922
158.46405639834262
161.0732968659966
161.68517877811385
151.7502449248691
149.16277637972092
154.35921599745626
153.67847786382822
153.6121242261863
147.22864013543662
160.06646354780773
157.4562241589176
156.4496692386311
160.03417519735967
162.27605823121317
158.41699737077874
156.50550349258106
156.81701985286722
156.15415038611872
156.51491008630452
154.12955498629216
154.39797747142669
155.74364988841992
154.95326948228404
155.6600475293941
156.7787071300813
158.25069542796348
158.49215733131084
155.39922910691791
154.5319082060893
154.66942104987962
155.68121427960597
151.64313316479942
160.61919089440025
159.69210727482226
158.02796814740904
155.8894715644741
156.29862365044968
150.5160625899213
155.51825174945844
159.6964959508601
158.06169607753247
156.9967077380577
155.42189517841197
157.3048509417576
155.01183116630588
157.40514430735294
156.8540741071432
157.46164231904805
155.01336043734736
160.44826087524558
157.7009204251471
158.74846446656363
157.11792152597673
148.19679071276542
155.06147976375718
154.1800705543556
157.302772917555
154.2789709098715
153.8334312730331
156.62269685965677
154.63007748012348
141.9563319763535
151.98455213877284
152.6926295802869
149.37160083403072
157.07169983586846
156.503816549213
157.93960706121004
159.376398857921
159.30454832947848
157.29569821578522
157.61644536971076
155.95251626195073
159.1079218878557
156.35174129285355
153.95689619238857
158.52484202378406
157.1535774013727
158.95879051304544
160.4918960123715
