0.0031046449178895666
0.0018883385991830775
0.0025607504410087014
0.002057218572773758
0.001801108633012936
0.002103839216571604
0.002497808043521672
0.0023638660160683394
0.002925588954236527
0.0018483543928171143
0.002629932210187246
0.0021008502454814295
0.00198581352975998
0.002449048764506737
0.0029928757367788067
0.003516298757915379
0.0025258551171955046
0.0019030637465754527
0.0024214962657794587
0.0017602090980911814
0.004075663631816528
0.002856455688007885
0.0035347691534531977
0.0024368324721908705
0.002558383505617386
0.002584815648586932
0.002935342785188191
0.0018991220015227295
0.0028741736171873154
0.0020759630643944886
0.002600534975689297
0.003508321222464591
0.00313397057210388
0.0028759483973760064
0.0022850070803001844
0.002221587989408856
0.0008676235572354216
0.0019224274636342035
0.002171068152365723
0.0018857175900050824
0.0021047046108246033
0.0022773754344806735
0.002860677501912544
0.0020302515643637825
0.0030440563140026037
0.003011284693861293
0.0029863687651420275
0.002845591505432871
0.0028659953710362344
0.001503254454506579
0.0021450899974732305
0.0029659346763809113
0.0026697302959130887
0.002656854091995117
0.0025901739961896233
0.002592382052758196
0.002224888799576955
0.0015058021588860984
0.0030788607069140305
0.0021580199447667724
0.0021795468625314487
0.0013972561031251746
0.00260126724915207
0.0031555322172432247
0.0018360078337542616
0.0023346029839155786
0.0022983354909998557
0.0023453425379736347
0.002240649937451708
0.003427032323372535
0.0031686238238624233
0.001890463676103032
0.0030703223479365814
0.002823209627920956
0.0032505443757593296
0.0027216220794681954
0.0016969370256966715
0.0019470631493966584
0.003418868038446016
0.002323513072787444
0.0025935320107977502
0.003709567481425186
0.003531501127780565
0.004071546461055201
0.004070301295901763
0.003023358159260381
0.003932654657321828
0.003173676725157649
0.0021755000760260404
0.0022723324247472263
0.003080144281805627
0.0023614903686272645
0.0036636967813596
0.002601313879894347
0.0035570785096711312
0.0025637041253965234
0.0032847067178725844
0.0028617802321728725
0.004626952648991078
0.0037246543393781605
0.0023132861673120717
0.004043478718846778
0.002645098032451879
0.0015138508822757084
0.0034183251300828666
0.004009014658995382
0.003398337305978828
0.0034600858290462994
0.002643977884201007
0.0031177635604019063
0.0030951944777300082
0.002677522163772013
0.002905661993232754
0.003841560280837769
0.004819296460123037
0.002782800593167237
0.003445826120865084
0.0040460753195842875
0.00444449176737989
0.0032714769675105124
0.0023127283050921026
0.003405110374632304
0.0025036571206466787
0.0037291199780308533
0.0018816730057386207
0.0037249551562601566
0.0036640436526760136
0.00335592042549543
0.0027552776007264777
0.0034214314717902748
0.004117664543269304
0.00290402602256443
0.002932861457993965
0.0030742793375603396
0.0028133226002012134
0.0025932187874258853
0.003038780625671349
0.002361877423629397
0.0028865614967653742
0.0034345449413102475
0.004059209185717673
0.003905382819786684
0.0028007330740992074
0.0028781973141347823
0.004768803638607623
0.0022510620574358073
0.0029661492533611263
0.0030717472313004962
0.004405711716111933
0.003670250240643569
0.003349613020262327
0.002884223900231383
0.0032425173305982652
0.0022084495950199603
0.001989969823758135
0.0032948643948014127
0.002881996472334383
0.0029543214334790324
0.002945486042296798
0.004382899888092335
0.00296531874985497
0.003043168417437607
0.002803856647457833
0.0021934988429089804
0.002778832780301577
0.003395851572907479
0.00174169832216104
0.0032583319126643666
0.004688255529655811
0.003012652800474329
0.0038918924041205856
0.0028938184385917057
0.002753067305445007
0.003335381477286352
0.0028488022118593505
0.0026971421464631017
0.003294491899996507
0.0031740768344406555
0.0029965780431562604
0.0021773000214383646
0.003814339271388102
0.0031116752107740687
0.0027093896870999663
0.003877501916266662
0.0037936592561409127
0.0036794601674265213
0.004511969510747982
0.002219537592963913
0.0034441780084527814
0.003251823806489476
0.004201261717150555
0.00382507220727959
0.003676908690662984
0.0038521396380337613
0.002096637568462368
0.004350178846558599
0.002748825725478404
0.002394727438937571
0.0038218100458017952
0.0028503310910015303
0.0036795217013504884
0.00443578735483802
0.0041845568036190835
0.004515325947817591
0.003412855594174105
0.0034575351791714636
0.002932140723223538
0.0026929423767383495
0.003482349033157474
0.003432502882374504
0.004568515393709252
0.004963463377625109
0.0033947846429847025
0.0033357827445263245
0.0028236917027051017
0.0028128086992410713
0.004463838684477772
0.003454058893130446
0.0038390724494304245
0.0027422134860155007
0.0036110893604047543
0.0039185750325164475
0.0022312863222532157
0.0022566508585534877
0.004244123122263818
0.0031607676865296717
0.0022814531951398796
0.00241158416752617
0.002964930113185417
0.004995566470160077
0.0030481811451582193
0.003450130766954775
0.003918444650095291
0.0037959162584404
0.0031764173028875904
0.004435304330666698
0.002475163740539713
0.0032369919992465026
0.003327629835358188
0.003500818323919528
0.0028941189659081054
0.003656272075427752
0.0034078601360426706
0.0048915935459759256
0.0028839641150045195
0.003152048978733834
0.0031893519660982405
0.004717904763107549
0.0038020467184786944
0.003701589991334412
0.0031540440635634795
0.00419046197164916
0.00348795089859457
0.004447281133772914
0.004069069099291966
0.004094634147683544
0.0039485391105451755
0.0033691775877457554
0.0037428517224713047
0.003675199669565961
0.002629525258102685
0.0038179045374997713
0.004502921664808312
0.0037306760807864882
0.003307056725593864
0.004498392994305657
0.004205822770774727
0.0051829387338975475
0.0031962549075694006
0.0028941877704739506
0.0036967241077140553
0.003309730003311803
0.0023712389688628766
0.003951262215655445
0.0033116255148473678
0.0033460101617929145
0.0031664124017468983
0.0029962629664260815
0.002140353916112592
0.00517730580457097
0.003323336254775682
0.0039011541855019658
0.004372605004301035
0.0035823699840387933
0.005554044414696492
0.004129782621674577
0.0036005368190883563
0.004429003412936454
0.004944470453269828
0.0045729428233333294
0.0029785711368934147
0.003584781757299591
0.004637273578386044
0.0035196121849089446
0.005661848662226886
0.0039403288697774244
0.0032711300231765814
0.0028730903578939276
0.0034383411747301563
0.004298596134827908
0.002742337979642422
0.00307813764261001
0.004825768334031265
0.003238162453267123
0.003540255474267175
0.003397931956787297
0.0022195310704524324
0.0025524536637065855
0.004504328057448375
0.0035044292061805547
0.0036809530790404784
0.00291011785736055
0.00212781562193807
0.003138365732851859
0.0030691148015141965
0.0042648932126944025
0.003079711341199269
0.002675108944346645
0.0038768990334884035
0.0029487067379416385
0.0036558879032166647
0.0020508780502085846
0.003935618286354288
0.004773685366803396
0.0030008851323983818
0.003805926349377678
0.0035223631483237974
0.003144262407132985
0.00497902953330365
0.004096075673949625
0.0030067809528388097
0.004337141760669852
0.0033527993977226
0.0036529355442327205
0.003868133663045123
0.00464788983685191
0.0032346480008392355
0.0043530746507668555
0.004665812260105371
0.0031689290334342493
0.0033299899521230885
0.0038307643266517165
0.004324662549091876
0.004674991734007621
0.0040648236401963226
0.003836027617771789
0.004497785663422199
0.004248229764575809
0.0033518034405628275
0.003989770995360155
0.003687637095714842
0.003516350107987101
0.0042558172719257695
0.002065974299918354
0.0032198169716487557
0.00500819764869311
0.004707736454675229
0.0036112492684067525
0.004105894779864338
0.004471388370270942
0.0032277040927699095
0.004328855013096028
0.004122857594300878
0.0036386682035497294
0.003584239518856963
0.004818384877879718
0.0034936653598555624
0.0041154105650223404
0.0031023892535683955
0.0031810290466916425
0.005433986556399011
0.004190105633884983
0.0052855890283814945
0.002587507959347895
0.003967726557080243
0.0035187642196855833
0.004158045236339783
0.004487235541683091
0.0038281189693839296
0.0043996757592001615
0.004673445662076737
0.00371302911059381
0.0034025373825715393
0.0033335803708389087
0.0038365971745323497
0.0036380071757020314
0.00319272838704697
0.0036450262510874434
0.00471378585534445
0.0037684574551113234
0.0043474983406843635
0.0023371525397599463
0.004485815743082741
0.0035406638439203805
0.0037019570879569187
0.0032755722962614755
0.00295422208665961
0.003683430712628655
0.00225663282817481
0.003592494947411864
0.0034547254688764364
0.00516888306306684
0.00435245812228088
0.0029371818887161706
0.004000938682571532
0.0036163460426429503
0.004974150914128268
0.004790312103894921
0.003544275565968897
0.0033183187014986606
0.00411415506400208
0.004390190659117298
0.0052541660044551535
0.004178295957886557
0.003571638461913344
0.004633409936124117
0.003984462213811615
0.0029436682917912986
0.004621835629710776
0.004278440642340843
0.004508202236766136
0.005370261677209462
0.0033758019847883736
0.005235507874250227
0.003871854408168881
0.0030587776211384874
0.0034106230182626273
0.004466798182462557
0.005074926011045431
0.004054190583832111
0.00416867449187811
0.005389127697386498
0.0035303812637918017
0.003892193452944491
0.004972476680143343
0.00392749903976643
0.0052625352344860075
0.005263485443622604
0.0027726527043013104
0.0037220923291661164
0.004982714597720342
0.004977220064892446
0.005685703615027118
0.003464773903958033
0.00399724547417705
0.004991915954632611
0.0036649437907686397
0.004347375862437979
0.004278265670628523
0.005056341369488955
0.0037659106018576656
0.004289078656633298
0.0035886897460969975
0.0030134649648767774
0.005669804053477087
0.005212951418419496
0.004452846722717551
0.004533464929398778
0.004444878057731289
0.003111526349117448
0.003983868021105941
0.0060244514336493795
0.004140156140332128
0.004703405624910854
0.004524724329502519
0.003670226195346918
0.004611149907322361
0.003666172476949626
0.004194112302826158
0.002302581525790687
0.002895920872876746
0.003693329009808903
0.004033537214193064
0.004365470632181336
0.004432273645258237
0.005013171983386096
0.00511762807642483
0.004964662542919249
0.0040927354331877375
0.002530777262715558
0.003077064503041047
0.0031695802305559606
0.0037862788744576284
0.002918770887633226
0.0033122355283415053
0.002660890286090712
0.004135171773520624
0.00339777192726728
0.003588078729553663
0.004409939477780355
0.003974144017220982
0.004726656460484031
0.0034347528505448057
0.004608600379868554
0.005159106166659377
0.005445973308075599
0.003988908617981305
0.004705696889774579
0.0029165936005267805
0.004449927534434408
0.004198539691553201
0.005066331009003977
0.005145228513385742
0.005828979282277578
0.004910730548532859
0.005315513773988797
0.004543697364148132
0.004373840307439752
0.004220866546497246
0.0039002571497316397
0.004241623810556459
0.004597649093095485
0.004174447015238222
0.003507122917591262
0.0042599543128772795
0.004659739608240696
0.004142685951422884
0.004817893151250164
0.003697479519290134
0.004405554623981354
0.004777367765401192
0.003152486661522221
0.005357900581169716
0.004402297516820294
0.003670348853607193
0.004896484504486281
0.004430827837410757
0.003766417083139606
0.004367099581195295
0.004684904636409312
0.0044661561373230685
0.004661509467556955
0.005427643695570879
0.00572072618747002
0.005355369966585626
0.004456190450627965
0.0048991850166656935
0.0048190768106603984
0.005466057407649587
0.0062393128886590096
0.005602068009507776
0.00461892980836244
0.004724980187690599
0.004181046536898304
0.003376281928660458
0.004271428557345222
0.005119536411895292
0.0048254588753219654
0.004254586324512978
0.005352235193163524
0.003105216594037638
0.004649895220192722
0.004105201998493661
0.0038698677169445752
0.00548217237004729
0.005815359648158228
0.004113431244899792
0.0046632354034939205
0.0035514763800755375
0.004023662973735007
0.0038920864975827826
0.006819949450888585
0.003931984404883948
0.004096670573460461
0.0034173180147261998
0.005187427946840911
0.005157678130110502
0.004741056902284144
0.00522861535751371
0.004787494205179726
0.003326772409957821
0.005245504585902623
0.00469477085752364
0.004108756396090401
0.00471283075319305
0.00473766570602654
0.004765618565801281
0.0040659462381103136
0.0045137065276557725
0.004651082864834286
0.003929672776202556
0.005374928824716382
0.0048905123759722825
0.0036692138189746127
0.004065493695549724
0.004958152977421631
0.0051217986884307945
0.004583963698358522
0.004235458975450859
0.004099917058834148
0.0050707643339338235
0.004665456868486283
0.004432674243513141
0.005169350271396042
0.004972800091878889
0.004943377342418113
0.0037443910450576895
0.005868518773251399
0.004759618895015639
0.006404025696879708
0.005305353936359281
0.00469261012007421
0.005518058034241178
0.00496403500099261
0.0035581166868283508
0.004639617734413519
0.004825716804274687
0.004161191947450513
0.004188746510942791
0.005310393693410851
0.0064734284713611956
0.004749638813469385
0.00475084322670698
0.0054716521440286514
0.006257360647459146
0.004423198820205006
0.003928579446604586
0.005020245116779399
0.005311327144479815
0.004416902251839809
0.0062069336512942915
0.00514787971871797
0.004657010384657327
0.004456868572666415
0.005587454130790556
0.005194785033221232
0.005133265140219363
0.005290464203681851
0.005259611087825011
0.003878651503831495
0.0038164248656067778
0.004051311950605899
0.004336769679451596
0.003961605830138793
0.004879034882748152
0.005047497382046771
0.004404523379406433
0.005131405629370425
0.0032238495732962317
0.004060562733762171
0.004466958642349975
0.005402868126483481
0.003075458015604453
0.005973090072280991
0.0051163485526498215
0.004253407827610493
0.0059133205684308915
0.004113612966969613
0.004150578190201192
0.004417790841447657
0.005877864849797802
0.004097843495078529
0.004620859488377123
0.004796749158470714
0.00435750902125562
0.004289664677405242
0.0048515032297533
0.0052631917125982985
0.005009257479548004
0.005610765190904611
0.004610567674288031
0.003953093999961223
0.004600381352992458
0.005267171035372569
0.005337590332670337
0.0046424100036688825
0.004803589059853785
0.004957777088248147
0.003905565267423005
0.004507819367317563
0.004424291915767011
0.003811639231971734
0.00454949833953739
0.004151771881988768
0.005897955104633919
0.005162753908039443
0.005481868826330191
0.006624954931801588
0.004958700759820363
0.004358226154260706
0.005112998306070705
0.005920315612667067
0.005611717942113658
0.004803848728463722
0.004609827987148785
0.00491896477726982
0.004945076542860651
0.005575206501971278
0.005037788111689519
0.005893747770908918
0.0053246529907734885
0.00437732605636457
0.005127326936048661
0.0056948623046990405
0.003889272342671636
0.005300233937434041
0.006302277524399948
0.00532886248055913
0.005318343967202737
0.004748573140334996
0.004519789685735159
0.00586103180420386
0.004744706590501552
0.004844882757437851
0.005600124382245681
0.005024916966497485
0.005327932141276283
0.0058145228122994394
0.005271748995982134
0.004402782733034213
0.003668971232575678
0.005267979726153613
0.004797071929196334
0.004672105726060619
0.005099722805260823
0.005491055653666272
0.006487985668911381
0.006134153946480593
0.0036950401780107716
0.004200773890198347
0.004885373834426066
0.005020007498495471
0.005379203509430382
0.004139784151592252
0.0052991245378816035
0.005620934436259963
0.005552092177789933
0.004678812741371143
0.0059939282713543825
0.004966551907242115
0.005161600959197257
0.005427258091501954
0.005261289135092245
0.005248431298091547
0.004727736403143035
0.0052365817848131395
0.005106374940927465
0.005016467844047196
0.004392175908854496
0.004051422886753959
0.005002710077315011
0.004197056845366974
0.005575141495681954
0.0050554097609185715
0.00522448710085967
0.0064874040849382765
0.005645493530219425
0.005168713916715005
0.003984814107681602
0.005092294825162644
0.004931930513944761
0.0049484281193585685
0.004506112111659934
0.004416515094981847
0.004120963566051904
0.0057216513519106
0.0046659830706912665
0.003772836942974106
0.004929946056826178
0.004584486583733351
0.004965960417610252
0.004679999038203832
0.005518191701067966
0.004975622301965692
0.004380820950760359
0.004355797676654604
0.004731350095396274
0.004443426146369619
0.004999335598388307
0.00463330465926017
0.004814866373647189
0.00533637491572608
0.004568286634669705
0.004219907736194842
0.00538729316772065
0.004879910325820044
0.004199992797688304
0.004877226888576848
0.005036622497255566
0.005416185492587745
0.005253878886816955
0.00543698434208671
0.004737315088309147
0.004755883561501846
0.005962136017384445
0.004393875646176052
0.00541813609847031
0.00511281384894304
0.004141552791383309
0.004451153014271137
0.004763960504013879
0.0033454053739099517
0.004992649833671242
0.004600322297470819
0.005386046675518258
0.0044128312535235
0.004758168511792235
0.004596376195393599
0.005140261835810551
0.0056296888446216945
0.004922102931165509
0.004892608507542622
0.004561675851544128
0.005115122195623234
0.005240876371278371
0.005503922543176887
0.004721428328582448
0.005698028204856822
0.005567713546642537
0.004180847986442713
0.0038471996438975663
0.004993335146852221
0.005958651583687225
0.004776012522029808
0.004424090192999747
0.00486961506244574
0.0050698380067271545
0.005049487099233688
0.004457676166463155
0.004480846655080765
0.005073156096387724
0.005875907920976835
0.005737140180077121
0.004896408705301216
0.004697037536785716
0.005495529326242508
0.006142523257240664
0.0047009824820109375
0.0052359251246687595
0.006781400060131554
0.0049765230919490994
0.004597099426618859
0.003677464386702243
0.004663810583479182
0.004482845054939947
0.0029302027876098855
0.003612214261405432
0.005233194334256721
0.004977887094280752
0.0051875068388157865
0.004334761827421929
0.004669640437661143
0.00459364769092
0.005600662610531264
0.005058364834642183
0.005545129564448667
0.004867889863574771
0.005298746306723122
0.004016347614817094
0.0056671555933144125
0.005964280692662567
0.005503063404536082
0.005344608368499398
0.002906322068554203
0.004397103476940093
0.004245724700146206
0.004661678348892606
0.004173056883758339
0.003638254448371584
0.005809092302584926
0.005302940460516701
0.004326677573246235
0.004614025261548161
0.00480678993273622
0.005121157143807398
0.00505454293628718
0.005200827576936597
0.004898081980323715
0.004902296525908215
0.005798285793908339
0.004845175607150879
0.0054045806331295
0.005015254732675388
0.005459050477503492
0.005418956770615969
0.0041949364522176295
0.004850479818766918
0.00471691616718718
0.005682509156524308
0.005236466790743395
0.0047887289688481015
0.0052854085147210515
0.004852062102083392
0.004832862150686421
0.005364174369094713
0.004662888184010355
0.005049160453346426
0.0052414098799207125
0.004557093762280046
0.005600228673513714
0.004782163442908502
0.003848597421398829
0.004757394072768655
0.004424909156897493
0.004704297359840185
0.005315050411710957
0.004724266304948743
0.005182066137288946
0.004222064061244824
0.00425397497556478
0.005504981851766236
0.004808439752670378
0.005306960776146044
0.004650313854744018
0.0056779560987847795
0.0038217625510628458
0.00525659095045446
0.004846819453175788
0.0058608606874127325
0.005342365065602043
0.005298396837390721
0.0038239912222123576
0.0047077618729864405
0.004908032344640691
0.005162038217948288
0.004240670735543932
0.0032482463000866354
0.004149343115848081
0.003961213266783896
0.004815419314310531
0.004830870480092484
0.005139565841346534
0.004103156828658905
0.0048796093144773175
0.00577910689633849
0.006118502829290372
0.004901300226818327
0.005242998021616336
0.0052304923847204055
0.0036728861629342214
0.004099522866634402
0.004052953843336444
0.004357752905930514
0.004883698475859094
0.004841484361911006
0.005418924812598417
0.005649084579560032
0.0043542040653317725
0.004619987498893094
0.0043371823709879315
0.0046327574283084975
0.004157043828344727
0.005402930434003031
0.005671712054221164
0.004743466378485912
0.0037219208630654877
0.004096831873033577
0.004472742544320731
0.0038597198313245684
0.0035950386383934506
0.0045133180251028145
0.005054553167706947
0.005171738065936136
0.00510875890188937
0.0047107242286254705
0.0049849913011129525
0.0055856408385698076
0.004867625751734927
0.005662965631241989
0.003877571830005726
0.005070957712656495
0.005055464603611668
0.00319774258291044
0.004828941534354443
0.0034310696304594933
0.00483715043495022
0.004871894656443248
0.0054607757790752975
0.003852295156340808
0.005156137726617576
0.005855895267455211
0.005116712845136134
0.0054467957875410835
0.0045955423800818134
0.003907026407647656
0.0053888627741406295
0.004254676900096252
0.0037367380048409895
0.0052628725536548624
0.005592909766059513
0.0060550862023123885
0.00482512520783601
0.004898809562494243
0.004890882967009092
0.005185900758993685
0.004417158063912448
0.005180347514817227
0.004794491327666234
0.004778786978514615
0.004821858150018636
0.005155549056463116
0.005035415739053603
0.006339914121440728
0.004507774384357773
0.004346748864828581
0.005100115088102262
0.005048350854487106
0.00390762873513252
0.004728616768175624
0.004938840260688591
0.004625663782588528
0.004435724102968707
0.005377649569631375
0.00465152147662386
0.005048196556805948
0.004687823183082345
0.006150119185707895
0.005933016042802144
0.006169579464092371
0.005244981350758253
0.0037027118246628025
0.0049360809154201015
0.004401767756566188
0.004238533477696822
0.005662211956306958
0.0061465191506079936
0.0060595477873653355
0.005575742147057918
0.005098886673719915
0.005247279455817436
0.00555002168883223
0.005265564955385898
0.005029677675383424
0.005458045750985589
0.004578579017118917
0.004901230677667412
0.00527619615864532
0.004359125900565396
0.004365691177596243
0.005025827278856428
0.004371806775689082
0.004698909460089617
0.0056234079674003816
0.0037067825065125026
0.004970891162397897
0.005222528041804067
0.005448058915874059
0.005332812673227039
0.0049947653893169155
0.005499093470805099
0.004702703169069956
0.00477528193184501
0.004099287364918904
0.0044743982495801604
0.004770145108929429
0.004064756500587123
0.0053413557540316495
0.0059410386363085875
0.005239333510405971
0.0052027371491844875
0.005179270282168341
0.005523465169006276
0.004680554251349856
0.005189106996727283
0.004672363848508719
0.004428219614189537
0.005237096231168165
0.0054391667285160405
0.004225081760662668
0.0051283228017241335
0.0038873741479189894
0.004433288770341248
0.005334966812885661
0.005768603018702736
0.0048950965223954436
0.004898372251219988
0.005202140283038084
0.0049703513162826386
0.005556293617755418
0.005478110644126424
0.0052778705274574384
0.004984621332151913
0.004890175011949068
0.004771738263270745
0.0056025384023936555
0.005386731805052465
0.006588959417705737
0.005466277803472389
0.005575508564715002
0.005316565447954704
0.005925470592430449
0.005104197258820387
0.004884982151111368
0.0049133829597909654
0.004952675436181279
0.004481884403453656
0.004459470164167299
0.004535147302524189
0.003385750307708634
0.004067119860900763
0.004745165093016945
0.00556002494946549
0.004102805929034039
0.004267123337358743
0.005088181922025493
0.00490809229239221
0.004533971028338893
0.005349041292156866
0.00519839712646321
0.0049567316441460636
0.0048716323822531726
0.005212619417088391
0.004881793132898403
0.0047281689874503615
0.0047603236507676875
0.005015279652549264
0.005373192202535556
0.004943974071691009
0.004784386614809278
0.0054770599802210765
0.004899877617994264
0.004988662696629156
0.006109557562585746
0.005063899664841361
0.004521380501778483
0.004081353174934148
0.004553764326521253
0.004841023596330709
0.00447044833402103
0.0050083692790575535
0.004744873257212502
0.004613324035732469
0.004585303927459152
0.004828132769002381
0.0051750751396045505
0.006504322693345722
0.0051845027905877
0.00564226277928381
0.00473016432224577
0.005533081240654015
0.004636458724647508
0.0050394317533503374
0.004574615391586484
0.004659201056270214
0.0043600543103772555
0.006559623603431472
0.0048432316191549
0.0039055226899522653
0.005486316476630369
0.005498834306333495
0.005228508616159899
0.005318351162893448
0.004772136521087718
0.005350659377453755
0.005173036179352008
0.0038666934162788617
0.005522765135303898
0.005647349487207446
0.005427205733512644
0.005688500506550529
0.004912954555726941
0.005327780714390502
0.004918353421289537
0.0051207896639242035
0.004692479825402294
0.0052424967958642045
0.005640647898000543
0.005093717638442963
0.00443363315842674
0.005042329735588186
0.005936072312975456
0.005268062690731123
0.005047022455539657
0.00540415466880693
0.005460180764068131
0.00559399878048332
0.005701969954156872
0.005089731821019667
0.0046095851705306
0.004146217914708662
0.005614733659340136
0.004106174546612545
0.004727928582265224
0.00459302355624721
0.005213054112961293
0.0052134107110137305
0.0050780452701999265
0.00535167837820693
0.004902679840811044
0.005371330965428876
0.005730932397267813
0.006138997376649692
0.006009114109869688
0.004886683987665891
0.00440228640862629
0.004880318275004015
0.004836040207451866
0.00496474381537252
0.005568426102432137
0.004843153487431122
0.005219895663132044
0.004782892623424975
0.00596692481345597
0.005973059127804018
0.005770505328585281
0.005318695669349291
0.00487134387731044
0.004732849329280733
0.004639745527303323
0.004825933747775649
0.005033417242472407
0.005402406501239325
0.004289059074692558
0.004801864899030819
0.005186296823064534
0.004720268661480035
0.003946648424036389
0.0047077748659120604
0.0047803187368718565
0.004481850399642297
0.004739834317175693
0.0051994575706151526
0.005047351639840713
0.005376513201392547
0.005374423797085977
0.004776525281751487
0.004762801988016394
0.004866290505754599
0.0051873663118825715
0.005363786865455277
0.004388634043158219
0.0048399401378032844
0.0037713967785197177
0.0047125199900488225
0.004726931550355178
0.005962318956353514
0.005197757108666256
0.004655621710325683
0.004844155279503313
0.005137251223207436
0.005303525743337761
0.00513146200364055
0.005185248926888736
0.005422237932059908
0.005870224875676676
0.005410488359802678
0.00544131493923158
0.004910233278929088
0.00476299929944163
0.0061613270327526715
0.006001199394437614
0.005414841338480616
0.004806497872370148
0.0047069013210571066
0.005744468558246469
0.005492900249661765
0.0051574102717254055
0.005046095972292084
0.0055316142742616575
0.005061326329387196
0.0052399474490959
0.004852347555297488
0.005474331810035424
0.004557014958326567
0.004724010551447577
0.004866665584070134
0.005079353062112418
0.004936681213150698
0.005243235390085774
0.005003119251948958
0.00479954905128009
0.005033721562552372
0.004776632918111646
0.004681227556242965
0.004959522689053208
0.005037476142482159
0.005228162628730684
0.005235610525964766
0.005770220156255734
0.005704111952634847
0.004517218766464341
0.0054323042016995995
0.004806570614927274
0.005169815942452818
0.004835491389062543
0.004987569352292122
0.005133292149988127
0.004536383262781068
0.004834585634117076
0.0056404395643390275
0.005025063172949472
0.004754232408179204
0.004790113614800042
0.005168003084804044
0.005059618640866025
0.005464929033745278
0.005756834348942551
0.005509377884668116
0.005121916796628414
0.004778962472091467
0.00505785820801808
0.005306799332810359
0.004908317630709043
0.004866220595207681
0.0046240954615181604
0.005118825744316221
0.0050533827786361915
0.005447478615770228
0.006074035969214065
0.00579627747158126
0.005060123711989288
0.0049855521794950905
0.005123053049443916
0.004324784178711586
0.004509073307989248
0.005138009486906778
0.005388073735373597
0.00508749252505381
0.005651121979360171
0.005430743850509027
0.0058221120132503235
0.005142356119207555
0.005782797265013246
0.005341991413841585
0.005633943911443468
0.005004291337560595
0.004701913352556993
0.005154533229901095
0.004541850342616288
0.004848336324653158
0.00560148425442477
0.005467235120706639
0.005656368456923714
0.004971520192752303
0.005406896022658574
0.005216338587705339
0.005281284324270359
0.004519307888600296
0.00507252083876074
0.00441373418698705
0.004534329379746903
0.005225475175590552
0.005520041438155721
0.004959003425983712
0.005260825288125325
0.005713958296134433
0.004499169429843644
0.004834531020678002
0.004230970355587233
0.004627034263248811
0.004006845729827454
0.005366606910325375
0.004809763657707687
0.00492009512744321
0.004983283434983627
0.005378836259470999
0.005773551191164978
0.005993472813506969
0.00564680700251649
0.004997957164044586
0.0054204152259893276
0.004630610711039388
0.005378112612785048
0.0049744470176805635
0.004501215674985137
0.005275548968931602
0.006223701967372687
0.005366196652640342
0.004908737239545055
0.004957010924288759
0.0048663066699380746
0.004719651537798842
0.0054876669566908225
0.0052845649157458015
0.004430804487283546
0.00530609274258402
0.005634409414905142
0.005636390591434056
0.005097047422524967
0.004797388012552458
0.005745101315045504
0.00467693337545201
0.005165702291142189
0.005371631586484352
0.006162181611476374
0.005068092655108907
0.005108963678112541
0.004932906892991993
0.004802463514729259
0.004536328933712039
0.005054203206701543
0.005891183534787264
0.004696272781040944
0.005117927728346845
0.005501187672044749
0.005014903178843382
0.005883983360794899
0.005011740558770533
0.005704266869203734
0.005321182344847124
0.004994608113222314
0.005270624484996603
0.004542365290106564
0.00475325691012377
0.004730126984925603
0.004996753022470529
0.004474000460340743
0.004356070181229605
0.004635978219754518
0.004679301745721908
0.005241976835925287
0.0051469673138437545
0.00516598993704743
0.0051451174815219
0.004834676458067732
0.004955101364446686
0.004842912494435031
0.005495697993923121
0.005969736019867203
0.004762735154892992
0.005034228465245994
0.004685697241435486
0.005053050627057975
0.005173100729032822
0.004798738959843126
0.004837820893040177
0.004962896627005731
0.004969000237072442
0.005185964399701445
0.005105243560514699
0.005017109921947964
0.005111898742868406
0.005213305995355808
0.005189551690536549
0.0050854820749451695
0.0054533964688018
0.005336513403083129
0.005504834074251231
0.005714250882970579
0.0051502015131294175
0.004789660148518001
0.0048470812991060555
0.005549615096430017
0.004615633285355607
0.004627489272998083
0.0048932381363386325
0.0050460207482730625
0.005051157315714761
0.004936404619776454
0.004788274871308583
0.005745106534026993
0.005357844603729517
0.004402723562399332
0.004957735296229494
0.004898059415768293
0.004878130087876112
0.0045794852173009805
0.004558782238375823
0.00500850513247136
0.004835532829719347
0.004894102045207947
0.005227271243223553
0.004715205489467946
0.0051409070717484745
0.005309890329337376
0.005770111723421578
0.005143872929567145
0.005105981098264194
0.005229739245763743
0.005247616713448124
0.005514927342729184
0.005746146672981763
0.004845744437670656
0.0049401565738669065
0.004571436154746551
0.004757464705704732
0.004895027690542927
0.005116239668204773
0.004781403884110333
0.0048421256716289236
0.005099883057171274
0.004513750206119116
0.004861620339744648
0.004705713897860502
0.005099139053402822
0.005376708018116438
0.004952881220844324
0.0048476083861709075
0.005342609588096023
0.0048631041971498685
0.0045474594705017905
0.004794138621406011
0.0048315247836599
0.004994664962920912
0.0048688075674336515
0.006161441560492689
0.005992347065158133
0.005735483744203005
0.00527931436495706
0.005070803763065946
0.0052303728863525205
0.005082353915094413
0.005381727157012171
0.004736724488255109
0.004773994393934721
0.00472495023568826
0.005469605881925272
0.00537496721348728
0.004847023281655588
0.005392428392281177
0.005273203420800849
0.005221246430656903
0.00542227525415478
0.005525919851226381
0.004930445594823706
0.0048326012576948175
0.004979797504513858
0.00543948363256591
0.005202008256939009
0.004933061763871957
0.004502515193939889
0.005496687049186771
0.004753901191742461
0.005486611851770687
0.0048233482993847695
0.005077822306273591
0.005140299717370202
0.005157719160092503
0.005127563538426002
0.0048049543958624446
0.0054084257434073016
0.005411882960751364
0.005973449732494972
0.005635799405644145
0.004296325069622516
0.004829223274939271
0.005243519646572275
0.005898445570689997
0.005208867106793597
0.0051192259043645275
0.005318549937789927
0.0058582694682886485
0.006588267721786469
0.005416676454946775
0.004893236697108859
0.004933028754565904
0.004906421054541684
0.004856313234961399
0.005084133053542316
0.005012559239958752
0.0055370339709104426
0.005439829747997642
0.005101960052616217
0.005034863488372399
0.005717256622860367
0.004698259942972334
0.00467847193446124
0.004875149276584169
0.00493313155091644
0.004775217432568696
0.005155065160987219
0.005338950155940118
0.00540539560075671
0.0046711940444030655
0.005208638289259821
0.005506933821468205
0.004990200439235925
0.004957214147714895
0.005052692222193383
0.0048990511332569825
0.005076880662629865
0.005277225583916397
0.005532263048578027
0.005479870257432061
0.004989662852430067
0.0055209805135532745
0.004594371899827383
0.005457143745042426
0.005221283588386475
0.005590738419322218
0.005053139977996554
0.004753959222718593
0.004842261989526802
0.005512885623390124
0.004844536208855376
0.004352164848696977
0.004371241700630708
0.005216124906146981
0.004989706727090192
0.004600607966780616
0.0044410441851813615
0.00466002869184917
0.004742820319070107
0.004719211625220573
0.004960459625618798
0.005291425752006329
0.004969753473316007
0.0057345594883446115
0.005053745479158102
0.004796459329321882
0.004659259326461029
0.00575606104429141
0.005817439940817988
0.005773198991681316
0.00579410192240564
0.004937866456033506
0.004985073970921519
0.004794675784187949
0.004974942930635365
0.0047081954851294515
0.0047376505412513245
0.0047319840611016566
0.004973862619416378
0.004434471628293357
0.005423700438697888
0.005057129647778299
0.0053383518556332134
0.005379592074838637
0.0053007938571494485
0.0047943074809273616
0.0047186941438183815
0.005198142656532169
0.004910064336668309
0.0051578886131206925
0.004678980274068515
0.004729508588203481
0.00478839051635283
0.00473642732022255
0.0055819418318842195
0.0047073468000422706
0.0047439203917469955
0.006134042820891496
0.004743333950919742
0.004963673144399229
0.005200928492400513
0.00537835268575745
0.005310897647077159
0.005042035754192155
0.005270356691948021
0.004923565113996082
0.004775595263125602
0.004858430354098373
0.005378170485738654
0.00496653639711612
0.004977535059120014
0.005460788414414116
0.004812199091921956
0.0053552053139415004
0.0055538312639698325
0.005559937870496422
0.005669320164184417
0.00529748679153509
0.005302104258460271
0.00545905046746029
0.005285906306704698
0.0053527548687702115
0.004978105694383381
0.005209148488682657
0.004869841133378393
0.004769073011869765
0.004762607178538609
0.005031694812030578
0.004999506954871561
0.005698044152825145
0.005879869724167319
0.005252282112171447
0.005215178653561392
0.00515962010119796
0.005223948375640156
0.005265690220438631
0.0053072368360690455
0.0058620218380314205
0.004883468834793872
0.004748528812990089
0.004797478136314125
0.004765320803640264
0.005052845507072109
0.005032555194984999
0.004920207832812335
0.005023166588962486
0.005210030296086555
0.005600593641309789
0.005532288214350051
0.0059725693527874334
0.005663918948495161
0.005849666496276933
0.00594303473660217
0.0052397042148322505
0.005103390443749571
0.004684497049766106
0.006105045768459411
0.006382399175903541
0.005741377099158126
0.005186867366498427
0.005146630697647588
0.005378127317992506
0.004776982625629478
0.005077854861980193
0.005343494509727396
0.004698860191468191
0.004742947099867247
0.005029232882023634
0.005284963887447834
0.0052742636840081136
0.005990149490547693
0.005347440878693399
0.00550419321863857
0.0053234485170418535
0.004739056400953569
0.005261006828396169
0.004831892232529019
0.004818786555763215
0.004619092121804543
0.005511872857965665
0.0053297776074471
0.005099684967882166
0.004921325815164015
0.004825935001660319
0.004860047468295228
0.004840957342011889
0.00561207895739358
0.005725240195784399
0.005928607597177295
0.004921379775241905
0.005194068499482319
0.0050943117216220935
0.005296665275542783
0.004946898480696968
0.0045281805621983934
0.00541181866386296
0.0051881143711134566
0.005293140113474269
0.0054336337871188954
0.004866641141769855
0.005129585033205447
0.0045178749712630846
0.005193365449584041
0.005056684428022734
0.005257668576016162
0.005456079997254618
0.005273907546939536
0.005072831711931517
0.005748380131164907
0.004762450253375723
0.005070473137627553
0.005038711911012345
0.005133435067827378
0.005068035173940149
0.005317894972231606
0.0049890143477544086
0.004669123520361582
0.004671181687442785
0.004985917440688476
0.0050436335556808785
0.004947114091148354
0.004720103453873807
0.0049391966864926785
0.005517718708067765
0.005368194113031642
0.005003477177989904
0.0049955503919627935
0.005243061853589525
0.005141771063539546
0.005040326942590102
0.005473879618657863
0.005411820109018709
0.004886087358626316
0.0050883522245842765
0.004893660372951357
0.004953479621869382
0.004954987300630799
0.005015260247281558
0.00464783021167584
0.00499131835084776
0.00497988871716599
0.0046559550151763105
0.00470685018615599
0.004915450019856802
0.005222759552418688
0.005099592791675401
0.005251756587553226
0.0049255873324380054
0.004987049029625425
0.004936870809463684
0.0049131699873681215
0.004935431142492341
0.005065730207082277
0.004798519721457025
0.005129893185437232
0.005109976398921578
0.005095385106508244
0.005169833725749492
0.005131862109396583
0.005607598877074258
0.005675086833738442
0.005115557291069798
0.0055983913018924775
0.005190416232577653
0.005285489157913149
0.005149123852473642
0.005445446302473993
0.005563453822072126
0.0054139615311328175
0.005637516359601256
0.005510049219026847
0.005591257555759878
0.0049675586984341494
0.005521245232177153
0.005609585672104746
0.005490954054608691
0.00565149955421497
0.005571526877191087
0.005507477189661819
0.0050143730329529615
0.004841663431511594
0.005037159510190078
0.004788339503787656
0.004897710606894279
0.004908313222243188
0.0050127423260749255
0.004864666624886329
0.00515134107761282
0.005132081552891634
0.0050896282578141525
0.0051251087605755676
0.00505512288286742
0.004687925060425102
0.004956953958438844
0.004704820117994402
0.0050045319738906266
0.0046716692089966184
0.005280210508848942
0.004905004960489054
0.005049271141619172
0.005087665047319674
0.00468717911321384
0.005236552043002685
0.004784578948768975
0.004526955593712272
0.005385979313695095
0.005658219973428932
0.005206596874668562
0.004921844790320085
0.0052341305159783625
0.005247020834485363
0.005268813930840303
0.004871454206788672
0.005227133827899624
0.005221892051205954
0.004872075098145065
0.0051710259672994524
0.005119121443038876
0.005097400968286154
0.004700557023847062
0.0046822289050004705
0.004796659189955981
0.004977223213088495
0.005108958593736373
0.004774739996797892
0.005029182365478929
0.004798578943216997
0.005099739430661857
0.005126300406393494
0.005052211824432538
0.005104889489543709
0.005371650796807139
0.0051186782398127155
0.005228860497634917
0.005139035338013217
0.0051412539434431415
0.0050587349466981995
0.00505192101057027
0.00538454392142282
0.005152832483057538
0.004864943274098395
0.004891781259877931
0.004849434524479797
0.005203457381329212
0.0049148292708258035
0.005152081086266457
0.005708088044914661
0.005772258158742804
0.005450281178500021
0.005575657749904478
0.005232243548039462
0.004787325519490686
0.004716232013629415
0.005110505447090339
0.005300318936602589
0.0051385699153997854
0.005141716908895454
0.004766029746459658
0.005079821855842541
0.005343540586563638
0.0047685088635658415
0.004773971109215474
0.004731535475132499
0.00508540525861323
0.0047590787600936876
0.004625670028627323
0.004598068283860094
0.0045934290062800845
0.004863007463683559
0.005027900293319627
0.005259874398731368
0.005496754593298406
0.004953812870249138
0.0054097055724422445
0.005323257149828817
0.005082693771494078
0.004968345306999286
0.0046759788174394815
0.004990643571697487
0.004815925671841481
0.00480185953537989
0.004784250184451388
0.004725264635011517
0.004685011179429003
0.004668310216472477
0.004945925467972697
0.004602529665193861
0.004973636435436231
0.005064355680807592
0.005114270168972954
0.00499867047063627
0.005013441369681243
0.004688253581980252
0.004613018385812617
0.004590799407066842
0.00479416977678488
0.004700508312891992
0.004766109970265411
0.0047127524562712445
0.004698967463492906
0.0046634879315701
0.005193981012869939
0.005265563131896558
0.004761635220526072
0.004662895787736333
0.0045850781849133045
0.0046842778905828875
0.004777210668970932
0.004847863067501885
0.005048025984238837
0.004753047048369388
0.004728291377033764
0.004678771274431901
0.004773998103507592
0.004821037892599712
0.005136003523607052
0.005209764209986416
0.005707603840251318
0.005206659839012702
0.004706835516824904
0.004618203575442967
0.004997800513460994
0.005039707864035303
0.004950617249932981
0.004974724995500784
0.004668110962266605
0.004620191728773061
0.005220915905398101
0.0052879347265161625
0.005063786172146182
0.004665672830630011
0.005023163981053256
0.0046461735603590465
0.004819549141569721
0.004764101222829369
0.004670156962784715
0.004685323169353779
0.005249776350860843
0.0050788029620947835
0.004659940053864169
0.004607950937746719
0.004843980028863667
0.005392360806936456
0.0049800733444804925
0.004940077818583563
0.005026544599829029
0.004691874522053652
0.004630125230147169
0.004524903777103757
0.005251342335053154
0.004728681777855151
0.0047050043579288745
0.0049541843602209645
0.005136992859628049
0.00481056969156214
0.005020759546068079
0.005562654149991067
0.0050661648280979354
0.004882664295815185
0.0052026558894729385
0.004924291009665993
0.0051291143787163505
0.00575942727984728
0.005849607729476898
0.004777404763557587
0.005233859586000296
0.005553375601373454
0.005028724623142354
0.005089810830805064
0.005079315770877435
0.00490083605572672
0.005059377667943317
0.005001100412223231
0.004993143926803286
0.005026770625142399
0.004613922009247729
0.005245400263026298
0.005051938578380403
0.004750294466457338
0.004683465783717287
0.005050337869666203
0.005006250651353911
0.004978180491864682
0.004679231953755362
0.004686933848483323
0.004725331589293095
0.0052623227827204196
0.004866189099830277
0.004767823512722384
0.004811176767349064
0.005062797836664001
0.0051435856814330385
0.005158396842463491
0.005064231077950303
0.0051283296668227195
0.004828788174535082
0.00478078749281349
0.0052095450084976794
0.004873947824873062
0.004841954751272283
0.004762476617097512
0.005086287045292293
0.005040370089169728
0.00488915487745178
0.004877304897357225
0.0048555403583162415
0.004835410260897374
0.0051258637938774495
0.005132157303236161
0.004822040645944501
0.004793322132477464
0.005119244191653966
0.004782393743875876
0.004845586517708989
0.005231073385173728
0.0058968761885703075
0.005436515202616625
0.005225164561593779
0.004919070042675526
0.00485539456380387
0.004785671302671729
0.0051756039144573935
0.005226982028944297
0.005244353441663959
0.004941974074962928
0.004880458294050677
0.004903035624429696
0.005275769444846342
0.004955686068490678
0.005114210319037888
0.005371191060013922
0.005117200128055431
0.004884892049581521
0.004939159955617095
0.004912002451688626
0.004903599686644962
0.004811063318744609
0.004863675807929903
0.004908479723949023
0.0048264614191240425
0.005168716854868367
0.0055110672631805
0.005267639613338881
0.004960852863998594
0.005239424494572957
0.00495699351012998
0.005225025876432819
0.005165849664143176
0.005232373513641849
0.004907735426856779
0.004810603980102286
0.004822656566594175
0.00478903380206027
0.004993121038006115
0.004873635010294286
0.0049592536562365645
0.005098801310669094
0.005354833843485616
0.004663425370925985
0.004633668781158528
0.005047421563906244
0.00486920686409428
0.004955514366589555
0.004967783805122297
0.005116584952762999
0.004781236986341494
0.004697810527134417
0.004819104741240631
0.004837635711176926
0.00529434503802744
0.005165444844916563
0.004723690642307823
0.004981486229427047
0.004981635479285741
0.004623496973693766
0.004696351176187978
0.0046245050312903255
0.004724598465626818
0.004724655050853534
0.005068654200352865
0.005095762473850697
0.004715937315653199
0.005091182484048561
0.005115447431565598
0.005076385746500475
0.0047022701726620675
0.004794866040598798
0.0048698172118741175
0.005386682034887378
0.005074817391287547
0.005188214583594185
0.005133280846344064
0.005292001907202062
0.004869392711602848
0.004896938674535494
0.004833011236210575
0.004948891208270599
0.004886933829422691
0.005434791227908675
0.004769689695505999
0.004862052482888279
0.005168334747521411
0.00505016920697727
0.0051568758353247
0.005161994646308863
0.005289166237590461
0.004805356833189411
0.005181650742841492
0.005170088275799708
0.005097482141415189
0.004888392371115067
0.00486261647970429
0.005295666550426098
0.005368288587526564
0.005077657699784308
0.0051091139383627245
0.004738124409034631
0.005105550495433101
0.005135043016079952
0.005052127942285642
0.005024220583374323
0.00497244296427768
0.004662199154959424
0.005070510703296122
0.004779133414989153
0.005565189018355046
0.005346238417365371
0.004824374161703671
0.004811403438656151
0.004700114372875781
0.004684075216906017
0.0047514454758416135
0.004773069498352701
0.004744311378184756
0.005156328589166652
0.005318135155140075
0.00492717588713612
0.005131443564984461
0.004717922723845938
0.004759315427040526
0.0048051478707391805
0.004602721354070154
0.005030231290498063
0.005042423377809446
0.004965099886273169
0.0049580441655122974
0.005362664890231474
0.0049071010266161725
0.004722549137676324
0.004955133386988906
0.004588259862540175
0.004824404625393454
0.004589820464208074
0.00489823704793711
0.0046093540211904205
0.004881101844275746
0.004570000392596249
0.004712845251110013
0.004991444555233923
0.004648106886932228
0.005011606047550324
0.004933441567073968
0.005005836955332601
0.005094124667172759
0.005051500516629947
0.005133980474122597
0.005040402685477511
0.0050736722091282984
0.005230723912049782
0.005088191751222263
0.004820525223017142
0.005157855049926665
0.005132122021980294
0.005156894775570159
0.005193080448367305
0.005191818973891162
0.0052793858192633
0.005303920614789494
0.005286612082329178
0.005225266181179584
0.005830683759922754
0.00588743851239584
0.0053224917478568905
0.005283515215943959
0.005362577381597375
0.004996366006755975
0.0053363015240814535
0.005270150978523168
0.005192397923806522
0.005220233063079594
0.005094562465835903
0.005139079294213483
0.005079638548984317
0.004734179263815547
0.004741439411550492
0.005085961322481599
0.005240869053845812
0.005170320614605155
0.005201309113821544
0.005197554558265525
0.005119294153831153
0.005162030240484507
0.005215339702036024
0.004956822364867298
0.004900839784665586
0.004441359482460287
0.004876934518369465
0.004913129562333659
0.004935339329119469
0.004966761572219207
0.00488813822854405
0.004873328279546589
0.005004994216770817
0.005094804363173977
0.005119357411703801
0.005424183776415444
0.005019317755037237
0.005041715130175216
0.005023645535477399
0.0050827818949332965
0.00483817593557564
0.005117308584255541
0.0051758503264115645
0.005094799529613594
0.005222959438371107
0.005087290202688035
0.005140872794028386
0.005189337952852919
0.005167870108529594
0.0051734109790916175
0.005195911284330764
0.005146881920838588
0.004938691272488231
0.005221108913277978
0.005183623809095403
0.00516846205327092
0.004408046230736589
0.004821844387103205
0.00484415494476391
0.0050577250908535034
0.005169395420454558
0.004806622536869732
0.004884372536202799
0.005209446558371781
0.005125867041325953
0.005179939091283812
0.005710596014636546
0.005775612829677374
0.005674841299768209
0.005608517657944236
0.004872121685978239
0.004808189093105465
0.004835654379836001
0.004756556247609032
0.005120077259268914
0.00509632580082142
0.005343428216019356
0.004836776715910831
0.005105671181492553
0.004811886213698844
0.004771631672431349
0.005265623822201733
0.005090751878523405
0.005210784676281918
0.005122422508266588
0.005628180413300204
0.005157811297549455
0.005175638126664603
0.005087274849203754
0.004727451561087932
0.00512033836944701
0.005092852578986067
0.004765763670662543
0.005042201745096472
0.0050668834744284795
0.005108711793776987
0.005113193637929122
0.005054681690468312
0.00509009441080685
0.005028286298284207
0.005050594392147534
0.004897963683735648
0.004740659256414289
0.00501492130661393
0.004671963820039922
0.0046206810699777
0.004979992885016027
0.005027614530235627
0.005304832877463359
0.005425092751354966
0.005267021735019778
0.005514956476071889
0.004961540934922209
0.005012943940923894
0.004982167723357159
0.005048397016550908
0.005551557084923191
0.005424550457431755
0.005369249707149193
0.005573316992213481
0.005497700372879132
0.00528736407452873
0.005501758059102511
0.004971841707995412
0.0049058607455846935
0.004994712429983441
0.0047960764376517966
0.00487789102229936
0.004590732502934791
0.004604213271518258
0.004942862693567402
0.004892080600353597
0.004734433480240517
0.0046245214271121654
0.0050088649177655285
0.004779119334638231
0.004709231963622692
0.005046410698431122
0.004742883821216621
0.004971127878263045
0.004965841050048656
0.005029180047470971
0.004965382360308445
0.005366203772646948
0.005365148649947283
0.005152122699140102
0.005204441343900062
0.005114733345794407
0.0052079596644132135
0.004808186945245325
0.0049480238248734145
0.004809201706967841
0.005186689286047226
0.0051658313856463725
0.005204354420547192
0.00567780349809981
0.005212737176600068
0.005185184714452827
0.005172066841828491
0.004854929476086184
0.005402729490335592
0.005045973423266196
0.004793987347104347
0.005188664793374961
0.005109744896558608
0.005629982057385687
0.004774393119922141
0.005349350143578828
0.005132497606306042
0.00522828261416447
0.005314186613617963
0.005285001859420711
0.005262212115233489
0.005155054219226197
0.005111777641330943
0.005105528400843923
0.005094659179867235
0.004846652759064202
0.00484179645114779
0.004809914473162956
0.004838321250188151
0.005118416315731266
0.004871352512572177
0.004766803496951159
0.004828319988812245
0.005158179638882637
0.0050939305223869635
0.005163720526396804
0.004804281600515336
0.004875682031846822
0.0045896305436643175
0.004662812757976953
0.0048314373258144215
0.00487698860826653
0.005183467393334611
0.005191914089680749
0.00499294393009845
0.004739693967873893
0.004701518902125718
0.004762422844989802
0.005030553415199379
0.004939821103669928
0.004998970808921562
0.005063091627746262
0.004579942877294649
0.00497101644977483
0.004771917417126878
0.00483263227815522
0.005044575716483509
0.0051383270544874075
0.005099446566460344
0.005136990505138124
0.00504644218289154
0.00521733573123667
0.005145162001409779
0.005087689145818621
0.004762037066950231
0.005057355735075646
0.005064554863346238
0.004603482549070882
0.004586086149747421
0.005136019239120639
0.0051591673891257074
0.005087497584019091
0.004667737720941401
0.005062705036056678
0.004811461197401805
0.004846762692769016
0.004767304247156098
0.005068775252657542
0.0051905594321574955
0.005189833518491839
0.004857102548187803
0.004895938323136347
0.004862305838344048
0.004834193217815111
0.0049230596373676435
0.005156180848592129
0.004826672551931758
0.004857651357448487
0.005165851567145614
0.005145871776542254
0.005127791740519055
0.0048198638481088815
0.004871497862145906
0.00485785478944138
0.005204330660781076
0.004564886354815621
0.005093894619545748
0.005062725830775364
0.005087021797445084
0.00515486676693977
0.004821108591496285
0.004630170989710317
0.004829493066022215
0.005129636112694055
0.005189884966664605
0.005207466649975394
0.0048618036120327566
0.005177000501011909
0.0048733687236223976
0.004785858128728423
0.004764490691857267
0.004779923466821003
0.004860110790308965
0.005047626145723133
0.00509257881625542
0.005145133375501861
0.005156940920611912
0.00465613953378631
0.004877213260792376
0.0048607572332677726
0.005150931796904984
0.004850533590511495
0.004899238578802204
0.004803939769951073
0.005021212617136107
0.004767744372313077
0.005302455663407255
0.005247730229485801
0.0050946024525968005
0.004973317547684217
0.004964006852479191
0.004688538121745402
0.005108790434419466
0.005102478893333186
0.0048487299719742905
0.005196006119765883
0.004854709122188981
0.004796625878507273
0.0048416394558836555
0.004872225445729674
0.004778579849332325
0.00482447954313204
0.00512914886580825
0.005148266090290223
