158.28675877013407
98.6133200326166
105.34999572912652
105.24139957674771
114.43381006430151
96.50773848669495
148.8826391832679
127.50783062245515
178.93308489576216
91.99456770910955
116.22883625825382
127.87179792318156
130.79146178653775
126.83133332136279
107.14940459268543
119.49338018660018
126.08137028708299
119.54644596702339
84.6105867561507
143.89130153079248
147.39713751606246
151.17445510785495
153.63341938638735
110.43875444261192
155.64242097918097
136.2806113425738
127.95375856376951
109.10421711791383
144.78975729478128
91.79977393104777
70.06782876403851
140.51230625816171
116.91975225979891
120.87121700292421
119.73113070868413
134.02013991325498
119.03883465982373
99.26453571533868
139.3782255408139
94.84852059135565
98.40845556215358
108.67989675688537
110.09437886641409
102.13297023918987
117.84957740358377
110.45372221953353
152.9959446719792
148.99513121373164
152.24591263519426
104.67848220214265
139.85593735716054
104.01028877792942
146.15424921650947
121.1735154355087
110.14306971659407
80.84413775909452
124.46282940692667
137.47822112118638
136.76164017481693
104.91052145698734
132.7294693363402
109.43084747958491
200.91789865657395
129.23545190849742
124.3931791167
129.56784868865265
138.294096445227
101.6068952935113
131.42953266511122
142.68491129880422
142.76589261600054
121.047003915724
131.6452544867941
136.536710836548
96.52907583189875
115.15818103942155
122.16288642572486
114.2993783601914
87.1147151855257
114.50945675501325
122.95765200515831
153.16930017496554
155.51657893615968
124.65057247978834
115.14979116349167
106.79015681282624
148.45878105395627
104.57647285498113
163.20839275152517
133.518569497331
148.3865150186051
124.02569035072035
129.19539989701556
129.09723640496145
105.67116191882077
120.86286469684013
114.87550209874266
122.20977854698367
155.00397230735422
141.5776665295788
121.70813533129922
140.7776354751899
111.39242660994407
157.12721814257014
113.9825562580254
122.99091506160369
146.36363045064465
133.22478313126842
105.81229139048004
98.28090099475425
147.46644295198521
102.76791643953361
82.17139960010532
122.23027809634084
158.48702487122515
112.60096304641091
128.85909774990884
84.27562814667856
141.03345055769208
109.4482560960954
118.92531189160077
130.12235007352342
111.89360970280585
128.37805940737977
102.07151061994331
139.06837130167366
125.2025275370135
140.8630404950438
112.47235948179369
76.91606770932422
127.10370307750044
168.24154308565022
130.9505368003165
113.98046589344372
133.36825370843945
67.7833424426929
69.08930143257089
124.79305974154006
128.55314498811026
116.3752563865187
167.81583106379074
146.1149469125405
146.1013962656872
96.93554293295192
135.41826463891744
82.06473990807392
130.31434703191738
96.67762455260153
106.84621210080304
150.99812146920857
150.85881060322612
77.12442691929436
142.45576999119032
127.97397841318714
99.26673479997642
137.09455474582606
93.93408444663591
170.50601926491453
108.39281316657997
167.50284881873674
132.28565442418105
139.1701370899887
147.11280697891056
127.15747399362468
134.8812775778039
134.82841221347798
87.00488778851381
89.3733973008619
164.27484583940037
88.01141398622245
155.26989854039505
133.61314724118088
117.5846252247783
152.97314706885334
117.57433721142203
145.19247411484616
119.33641499706174
118.44069860014257
110.4837838527454
83.92136120296706
169.0798865248373
65.93307080715363
71.28391445119064
122.68879425887216
90.9297081333438
139.40417555723386
127.28887016278425
152.9531413604953
122.0760602806028
145.62683125412923
162.7337865214218
148.16052805525015
169.67243098200743
140.29720991218113
73.85856632868348
99.30458229441243
175.1535409817729
118.56396667745777
172.96606922986368
147.7056749006518
147.40132083350937
132.45324139649586
117.20737739272451
148.44787636245184
169.0479203131614
173.45159728597227
134.61468477434613
137.13515284163572
120.10882045724713
143.02755931083308
124.01397635995704
122.90433831980582
83.01963113368316
106.23875590849624
134.02783235454697
119.14818205176098
143.03270980508873
135.17231338192363
150.10948363542272
125.65064888408878
161.27634322013813
131.1434585265172
145.78259296364166
145.49360001139573
124.85030886280916
97.20630831364562
123.09445178613973
127.43114721816242
131.95255411338007
137.61358360619556
112.19410144883571
131.3149348116943
75.97725566066597
125.24947851974618
161.94552301555905
121.17104021225866
117.97067285113924
108.11039981763959
152.726562583645
122.99254624470129
95.49255269653847
134.0712765796268
117.0681358469721
135.5279068073516
115.81690332577294
149.42448316828734
113.33879861450006
153.8036163509975
177.575934101463
172.26913192265584
165.26092998658532
137.68581390672338
171.65613887994155
162.31903563826756
172.60389294434728
116.82081533537087
172.61769866215278
197.5898091513996
152.42566891113324
160.16427294255104
155.51845964997224
154.09176639439715
193.20646254868888
172.95995310207923
161.7796634103841
193.86796809913784
173.38756559424382
191.4802640903029
173.44147657474622
124.65421400600044
163.30360887284334
144.1994625083804
127.82098570710504
148.0494010811255
156.8995475624165
168.20715835265736
135.266595804814
161.89596066119302
119.9028717520664
121.10262023273904
129.16569604657113
180.10182105343378
130.81593384436388
166.80225511287858
182.27623443354057
129.97729939990865
128.78311867772592
148.430677614915
205.31619445767006
170.5551190494973
116.76494493107484
127.9059745770744
171.62948386112038
166.86925440478268
181.6738541244569
144.38276021442016
125.36101142469433
148.40044264533552
134.10889833465166
172.01332008263518
179.7486341148328
156.07951084431846
175.04122399973232
180.7294190159642
155.6733387700741
149.21944956212852
195.95299568418957
152.73720836078758
200.02563281328418
153.14542956774113
220.60712700061916
167.38524952834234
149.1932102369354
204.61097022612103
189.87063801114385
191.84145893251343
135.6495435305011
148.48932745454502
181.61943430399177
151.92478873225966
147.85120037968466
129.21987110636735
176.7085463625051
183.48195300460603
142.05421218579332
163.91703444224456
168.06948032094127
118.05945203762492
143.4129668874034
138.17530502065836
149.31708928281273
131.9007812515991
147.34788539852872
202.03714094879993
159.471884253039
129.49434926825248
156.5071325576449
190.6172226773819
138.71949563426398
154.28411232750253
197.79509834162394
190.63078988653152
172.45962439714492
170.2757017755169
127.28641132415868
157.19116955760103
175.67428747179846
191.2220349966319
158.71461747763493
140.74854288843252
148.7841742273792
194.39593349550017
183.72226879276346
140.55181688552622
146.66188966851865
147.89478085719043
192.20801594959883
179.46521981722813
166.20376524324192
194.19072848743315
189.42648426843894
234.18445343423676
221.29162252729913
171.70192089095985
117.61504541057997
201.08805331952095
205.4570604370236
190.44165593769821
134.77529210393863
141.21927565742502
161.0107686824581
218.34597976660487
236.19880601026972
127.11208119199422
167.44339974537527
164.41260096914556
183.75994158964127
180.4715094368394
166.06669726279503
135.08101724749054
214.70561638458545
203.54904467996386
212.8383088202291
107.91242121304205
175.11371443685323
190.21061812208515
160.27939682528537
187.26561443742895
197.8199552531847
149.36517410697616
171.48089798467208
84.15690253154591
182.39034366745227
113.91057444150059
173.4747962449073
130.20180579187237
165.5742732624312
236.0773687826964
98.03778548069081
156.7995059476637
209.38282762897123
179.58357776016211
175.09199748995215
159.65473073276766
183.6761157655479
164.08762741960464
190.76822395397656
174.09906548062543
184.202716484739
150.4535742308684
199.52312377577005
192.82214814326932
243.68442651077706
204.48398135900695
185.10794925961653
221.18191290894342
135.7221455983263
190.72319817250226
183.3739536719948
206.01818901362788
186.39936991427064
241.6880416094506
169.23903077439087
211.95388043574582
168.10359300535947
195.38370513098818
168.23063737602948
174.04268321943155
182.4142451835566
161.41335893959143
141.00760697285858
269.16225208961777
159.0424270055852
154.22362129740262
212.82622711104702
219.23059071650417
172.0819175480723
211.2162096180806
146.2894152101826
177.39683776214235
143.061850302108
216.5780814723662
235.31763739070038
178.0779164218545
189.39382748334066
180.42448821435335
145.93412040661372
186.58470792665588
147.5615136253461
199.90159965882916
190.677705785016
192.35547289660417
196.2983648209111
136.86270596557253
193.5850342333542
182.66023300750658
194.5983085729695
185.83956100187172
136.39528655523094
171.88527434002168
206.4829112118685
231.89374400065137
197.06023212140556
210.40712325519922
197.437916530334
188.8799391725823
194.4706905451497
137.18939786252807
177.98088334937702
142.61271605559776
198.7541848912028
206.90512614998374
182.19762381630935
196.09242528323657
203.924242233379
203.12037834807313
191.14498823710127
229.092227474432
176.46503018101484
140.9141084960097
208.66743342775533
156.2704820156843
190.27368136842233
188.11352985067427
174.2227004977085
168.89735238432968
175.01107488192068
150.9837427544699
173.27543714243257
180.29292550305902
149.91845483475916
219.75310531322262
175.89928843703697
220.0938601289184
227.63534247851015
211.61129673561666
201.639509427819
230.24964884601084
158.14233458582618
255.3295505157543
165.8194773279542
193.76739224192602
233.45675357520878
221.61368758050386
188.80837762017197
241.1243544255102
184.6470127305685
168.55390094692444
187.58041130682648
156.85596385207512
176.17831844551873
172.58949200338589
222.41338973828337
167.30075064118583
230.68164995751124
248.79472422590675
233.6701768705741
238.16013326864064
195.5372655916564
235.25656144996992
205.19970847096096
185.3120157013815
236.27374032827336
177.42731042059742
227.6591887320888
230.36783923679607
202.19527332246335
207.15688910541618
221.64252375741972
249.6989798918259
229.1754201361997
231.77373996428776
210.76512949537795
231.00907751966832
225.17240957736226
213.57494313152228
200.8201100707338
154.7897250162682
256.78925151423647
233.2978394629877
246.0730444291672
190.50312978601985
216.8889925901475
239.02454793119273
197.6397856741383
225.35593111741218
181.68753636621068
190.71123447209334
226.48677289452573
241.36261904288048
222.34477283828954
252.74588389559392
213.65196579506392
240.38199432000437
261.2082282836581
228.1245830288027
227.67211966746007
214.5988929003012
241.56744146589492
193.8255540028182
208.61658816836962
267.92586835160495
195.54391850232662
168.23744460119917
207.57943486871147
242.91876169761343
238.52471841858244
216.0160409693878
278.9028214519911
258.27726649297875
154.22925864495946
182.23005576376607
222.21022882762372
207.14029482206334
246.77922481752788
249.10136059968417
206.1501999387941
247.44292756071962
267.0140986799282
230.99071979379738
216.36610073583932
238.74031204492724
276.8276033519872
191.4772239741451
212.12762301440452
259.71875839343784
222.91393691772416
267.72733193395993
235.65495166204252
237.85551841721352
250.39911621626595
267.6529749834647
232.9012051329655
266.8433169363205
199.02606063117716
207.71470542438945
261.454164163687
266.4378679443526
274.01584933841434
228.00015920220378
237.3121631077283
224.5980642942483
260.01875522814356
247.40431391708537
192.71964555536508
269.8804381856415
217.02553203695837
221.0387531974138
222.74009959512796
234.75913877873114
228.7980311069697
252.95353823763764
253.83841635945404
233.5162644877628
239.11502779950933
258.64036896464535
244.84488224484988
241.90887082195465
223.46767169717327
210.11176370964915
257.47175483399826
233.25269144666768
203.6662514227
235.76469808787982
262.44160617832694
243.73679418992117
215.1262424997141
220.6807477275255
242.38217860312557
194.4736279445113
222.98652098921318
269.1783164397628
232.5493363219179
257.58296188636484
230.02896529245712
212.5001876158719
206.2540146333516
241.41199175288338
207.0038123268668
226.06632533433554
220.14238039833688
241.6114143842666
206.2568977174037
256.2468285476168
276.14709796227925
225.05981632924596
241.8465732088678
218.21545456338805
240.25879725921158
179.89809176273732
241.16230164347235
213.22356748152617
245.99591941452144
268.5453389121108
231.17954840477648
250.30875351550446
277.92150979124943
233.81408792406071
238.62900571557157
273.2294393476027
263.0471173323853
249.58038787823247
243.1007084213539
265.76704900056234
260.2283150348474
273.63043432931977
255.22914385224928
267.59984921763083
233.96265203220645
290.40873461108174
244.9934647313639
268.8813828698126
297.10059248893896
223.02766059490705
267.45769113143336
262.77928898826815
284.34826500145886
253.3038600537554
254.03164719874704
278.569739810785
232.51963904454232
264.6149426362158
263.9374598641622
286.0408458370873
270.27066654370356
274.3578318052095
263.6442226738247
249.53962918142398
223.54908828551376
283.1999372365716
273.79784626073376
224.86352146124193
267.420351927224
267.80204805468713
235.0590488328525
256.959752177426
236.74959573405744
266.5480540081841
248.11361883500382
263.45074939436967
241.8534843804721
250.89655671356985
203.8651124614468
242.13847674061697
279.2207560756118
255.77154910577354
258.64468213052214
247.92564592544767
225.0165990996656
278.4506071088462
228.89259670980078
260.31917476526803
277.1864684044416
254.37464151797445
275.22582104180105
253.1511707761338
258.8968066727935
229.03804093723872
239.51397048528807
274.77814216559244
261.476026256541
277.3152748017794
256.6825347082198
253.89380799124456
245.82314356234033
265.90736154007294
257.19534164452426
274.1815194664786
258.0123843894796
238.2288053455036
267.86320028903316
238.94192991949902
277.05634441872934
250.45226618266867
245.34088600457957
255.11134391943918
253.33504388898342
258.2638676542305
257.4873000134696
248.01056066663162
220.4391773004267
239.29651493585436
253.48079428956194
271.5559659934832
259.74630921076283
270.8370090264902
263.49678230058845
289.6969102681241
237.75656427270755
250.0903019143926
251.61234459417076
246.83571794823936
241.47560162362566
245.99608883077067
254.43617020435437
273.1176637670491
268.59069037508084
222.7816033102248
279.72970445304225
283.2560954776112
281.9540301386435
284.6197719726257
261.74895858716985
240.8697438065715
283.8718084065272
253.5929581669705
265.53918165547856
282.56988375528005
249.32222968817788
281.13600288697427
274.44599071067563
253.2152747816749
282.3587692671387
295.69033350276425
243.1051286125694
261.92705808598964
260.136355769592
282.72413223997165
254.9525269450224
241.86460627205912
230.14863697127166
254.8748629509147
267.4384155157921
279.1860147936215
269.3857972287518
255.82692849961836
271.63906868822124
240.15253951764922
234.85023675342038
255.37567324939658
231.2810435538127
207.01455406718685
261.26835944455684
258.47462411127253
259.0969067832222
247.73491799442957
246.5787904757918
266.6856191938834
288.83561866231366
273.5467619456837
265.1065624424008
262.134060871634
246.54816064929508
268.655479200036
268.8452257474075
273.3580573676215
238.1172105367351
280.7484869312853
261.2693163713797
236.55429192467312
247.32133950501685
283.3374964814375
243.44629890026042
277.7433862318705
286.2530451033523
255.18404606246463
234.00041904197235
262.0553947966765
274.632398833692
250.9448509688453
263.3934852116438
252.37730642634673
280.14086110635185
279.4931313905949
288.1755897257312
295.44414508527524
261.5825892896644
268.72682480072
274.2418253416343
253.77506464958296
269.9049379434661
278.10379056790634
245.8011761671794
265.62918635181666
230.4286974424009
226.3530941216755
233.79457784905523
278.6850951320098
291.2385324063773
268.3296548190875
259.66463846204067
249.9223045081423
266.3179302087976
265.5978515043906
253.36737835460346
240.65301982196976
281.6981309347615
257.0679276984171
220.68989210704302
234.07315703408378
254.43620787554886
253.52571589883414
293.2520707732712
218.75732737762604
254.42120695259624
245.53679658227077
274.74965677686447
242.80570460588376
223.01082428950795
267.2128174008189
273.95230096355897
269.35124158847066
286.5394926924939
306.53661079174157
262.7877165799307
297.3598414014993
272.69598831141974
233.48134938878653
292.750623231016
260.52049815338313
293.0997760489181
288.7984233624388
260.14447505549884
256.4782091791711
261.20210120938276
264.6182788307907
301.0597521533085
261.2398502569505
283.1492732247567
273.8333645760737
283.5895954841279
279.58205019311964
259.0074053526202
241.36663950199937
302.77990674245524
284.4016548981565
284.2926580891678
284.6297209297187
260.17740841098146
300.58616941620494
242.67192011441338
252.4055261376653
274.12408223418936
257.93733882547207
284.52631935342646
286.09866826714125
248.42385000293268
275.0652428472875
258.34494754083846
257.96129082153743
269.4280516480696
204.61096524416337
273.03578323418765
282.85279626794414
252.7212363481243
267.6499562175676
263.80298352463456
281.8663494249773
270.6060954652032
246.30548992184947
219.12063439587774
227.6082608132669
269.17591150682335
216.58832322739292
269.7179789654791
246.52213384587466
210.18841605377827
241.09387264663567
267.1812794262814
254.43138498914922
241.64895578904773
274.55726161677046
258.7960525869245
260.201533520037
309.8695911138137
278.5048507056588
254.22223553564646
246.14403155286334
266.5779417009874
245.39724830032026
263.4352494479644
262.6749724625594
222.85058934553513
245.9578484010366
284.1360990196193
251.66100705808432
292.6951262296528
235.7165597162635
287.9610903022432
280.7012233607319
256.0588883732335
251.9736565338868
281.6926237731085
283.5659861684422
234.6714629134371
238.41497114974666
250.18287321705952
272.75422259410686
240.80949936243638
245.36479276585501
252.96638614015177
279.261923164161
270.1493035764588
279.0490929167719
256.8666907023182
264.2143024974863
280.68587288067965
281.5983312526998
276.7841136258458
240.47011339044275
296.57218180045544
273.4285626718751
201.38068887546032
292.8755231799733
234.7271761997896
262.2433044419507
246.3155244768506
267.17347716437104
197.9221911664493
267.1490177518795
273.4607157032565
271.1184816342882
272.505657530705
236.37770856558686
226.95429433527173
283.9294091276361
265.92668017802885
257.0962139166979
255.20915455951354
290.78683751763776
268.3991659287687
279.1494444592875
263.3011879509156
273.5733622371008
294.9729823973508
267.4432211405965
280.49764298153923
288.837357756973
285.19320882352827
281.0690417863465
271.05641874602884
282.2343378273056
267.99517327367386
300.59116691103014
279.23012995548675
292.8779706668603
280.0965964088175
283.0463112520896
299.0739569766817
266.80756285592713
292.02718873671967
254.72922610838603
243.22436768895244
242.43209153310337
262.77822428986156
271.6522033533221
265.4067386401449
283.3598878999825
290.63673397384025
272.05877931925016
254.23516870004374
278.386107777022
267.8588941849649
274.6500923554406
258.6890921671627
259.7579754300661
286.30205162938836
266.7875173824284
280.76307054793733
289.40345708538376
287.8300799213639
266.8867305725131
252.51125035144585
275.3937137648684
271.1018963218466
268.72383981754626
263.35516073036575
240.61075511079113
266.18147534480124
289.0632584542113
256.72500889007136
246.7855652094846
264.0631217899526
228.94854985660012
273.5029839816944
252.42684625485316
281.0017558104257
267.7204977727042
242.15132537454915
251.48602999374623
257.02047343536606
234.95402502408942
272.79732776661706
244.9581534468098
221.86695466634208
248.4423887359912
279.38960211040717
256.0908647701478
255.93593228217196
250.40271276969875
281.65278881551546
271.0718512057787
283.6879899596078
298.29831939495443
270.3482368298573
269.554161051032
281.312569488011
254.57211493668873
273.19287104827185
295.9686495436833
245.39022306690842
252.73512565891642
304.50994877485795
271.9557659218766
282.37515303384873
294.3228509276972
269.9732980373759
288.5994200560343
289.544737380536
272.0519952642146
276.2415199747431
281.74420476095065
299.1218668018498
279.8363764692143
273.22837661201544
279.6254276635433
284.5478268043201
291.4743540688526
264.31170338776053
274.4930345760691
293.89161768058773
286.576549339485
290.7956659383225
267.31654834956555
261.61942942044124
259.28939034846553
271.61666494419904
264.9912403301637
215.27509252428416
269.76326984501134
258.5869785400565
252.78013514719913
255.3934139573733
268.43764119602645
286.195164101775
270.8972903837202
278.0458711574989
271.2073483284065
271.272699228513
266.91914602618766
247.4883694402602
280.00780884468736
292.61759801393623
269.9435211987849
299.13605968429994
290.1595183742473
273.5076723536983
287.5655242904114
261.77584406853606
272.78174916049676
248.35951199415695
258.66197789075227
284.04129248106614
249.60760124861997
272.28367125188186
263.01433409450897
283.8452482510324
299.9264069791749
244.27203966016037
263.38740342771223
283.38262566960367
274.8180351253494
276.3645095056197
276.9597259725
273.3915667627638
266.6267671228351
255.26221150717765
256.3587938260832
282.2309240495469
273.70927406570866
288.3427413274422
283.7776291209635
282.4642171606748
278.6675167682625
284.075861273014
292.3501537107561
282.6897342044337
253.23918341891937
280.5791510365473
276.82872924686404
289.31759160793746
264.6465760617484
291.73569427467106
274.8876427253512
276.50299910034164
233.06917991469743
280.7510746451942
247.30229966799953
279.5585835164726
264.2907742099039
285.81700890245264
264.94562082435027
278.3884860633391
295.44161881045585
290.5380167736317
279.54613433845236
292.54060597529144
284.3936472808337
283.95905721726194
289.1892563066699
281.52047093841304
285.6587756664568
246.55730723511348
280.93758078448536
272.67101766122755
285.67392357347785
257.87464208400445
261.1077050646363
238.6316323095735
235.40016174979405
261.4390321230103
252.62880768308818
281.646800107809
250.69568047143775
255.44804788888453
226.1724710364203
264.5464946702703
262.6144461966742
297.45122276306404
281.78276265432794
277.7944673135958
277.96292213116914
282.2177331527699
279.2519056111213
267.65455897380326
267.7698848133888
286.36711011952457
271.9872661335206
280.3815431549383
282.81190219866045
276.2639084909529
254.43732379605203
290.3131866002864
269.05243000123573
284.78568107174175
282.4922821593612
277.6222597376928
262.9708736254998
280.6634131086641
274.86594025271137
287.47754033169736
286.2677012737
266.59778459336883
284.2322594044922
268.8784775145669
274.94306810634066
255.09776087642132
269.70036823730806
286.97236038668996
263.27123500585697
286.2248947317777
282.07849652405105
287.0814265571198
285.3905670412468
263.52854978262224
294.6286856152981
281.4099305134052
272.86663056484815
284.8972378623093
290.12582830894814
272.72490327912493
287.8222657062344
248.17050129220883
288.4056916789696
275.9063179108034
286.5309085087442
289.91537799069215
303.402155008971
284.88259055607415
242.32709748565316
281.3671496169671
273.4429676026337
279.95886131129225
274.3359780459118
258.9591809527729
278.8761155256503
272.47085946130755
291.1359467029341
285.0643508598739
258.96499729551675
288.5869239894531
282.2387530042067
293.10670845654187
293.5954253084002
273.1285910570423
284.9750685789166
276.60812905772383
244.06604547163332
262.5382877869647
273.9673664460387
265.0787044476072
282.2951595482173
296.17154456751126
286.65990729851245
284.4832808752767
276.09414737388863
276.52402798295475
290.08522772390586
258.0836865696007
274.4419538498041
284.13474202856656
268.3310123158081
291.7289737498245
288.4304145584681
290.9423861267346
268.7638852493319
264.7948533811638
294.564309897353
266.59932978130644
269.8781361873311
262.2445691481734
279.61286280645993
277.313676598117
268.0835675937172
284.2817141649971
279.2033623950956
282.2306853078073
296.0232262057787
285.4722687658407
284.1783925334763
278.19788508696587
289.3433925535234
288.48658019857936
285.71601895023343
290.63525615170084
295.722311949442
243.1640655273589
301.0104847826345
297.83154019261315
278.44915368428644
274.591028561925
275.2516092126207
272.43971699294195
286.32921852360926
280.30073884265073
269.89333573832783
239.19764368349104
279.4547776894138
260.11253465987215
283.00122345924035
279.44428506433906
290.38726854893923
299.9685404398402
265.8105486356739
289.48422491088576
269.09164494515727
286.31747583161774
292.74604724244745
272.1120822727218
300.0395933851118
267.0123308918458
287.5055439009537
277.99512301938535
280.0662947669955
284.30872380448716
245.40478228818858
274.63322324218757
271.3001038601104
247.73295567172048
274.28566370719454
271.9828356826723
286.6381681464597
276.2529994287495
269.5353198836453
287.455383267368
273.8079601450862
279.2542748515712
292.5701533733352
260.6313672437886
277.7256467978206
253.61005941394777
277.7501813982309
291.2240248232647
294.22641242827007
270.6648556131689
273.25736202683765
276.90915810618236
280.06567573659936
245.8160035150677
277.11169938170434
267.0226721371004
283.08192041413906
279.96454102609715
284.22985283489174
285.1169746037534
276.4072196451349
283.9915285039187
272.8765146781283
277.5443711138909
278.74313704533273
273.2089285299899
279.71981228869856
261.86350839927564
272.65599944442226
257.0334384952286
272.1070988043925
257.94019416135296
282.07949690822386
280.6900558076789
280.41449174748703
288.6820567327976
297.8638379882063
275.8857282910102
294.80809685836863
277.5686582652148
267.10997771997717
280.9876288600242
270.71332578153743
272.42344142307496
280.33684048786836
287.999353761152
276.49994437244493
276.32162116896984
275.299232062616
278.54061064957807
273.92665099806493
275.0050284533345
294.16862771173567
291.9794338570411
293.3573750012082
281.4296779720739
263.56756079398383
289.27309644074427
277.8726964508081
288.87056320767624
284.5382601975226
294.3654483496112
280.5130496623734
259.316695739363
295.9078807771062
282.6103167556596
282.38084503073094
284.5604730289864
296.01754438608594
285.6347785658656
277.2163274794957
284.4308641881677
295.7616967041853
294.86285236178105
293.2494905155052
285.8216153531718
283.37847286176685
286.81955397260236
282.87380463769784
293.05489941512116
289.67952472769747
288.3870496019118
289.51666507088464
277.11066873902405
271.01914103773555
292.0462810577429
264.29891938593784
289.0500124752153
299.3460832062545
287.8281305668626
288.4775685561173
281.80836899601286
277.5061031809902
272.89876487547883
271.1139417425532
290.9087538613416
267.78432710591284
268.804652716699
275.67783416961913
284.2329553786273
296.17941172254456
292.7599062521387
284.2846045172899
296.2739820164981
288.30033892006605
298.4495771390852
291.11739874948194
275.0943771580864
294.5994446330976
282.406698053922
294.04934126852015
295.41750148147736
279.2698172871556
302.61866739511925
302.31397712911195
299.951862162839
294.9752347288341
276.4968112296204
293.15789085204136
294.2641034245689
303.00170534854163
296.5648833071058
288.845678365944
298.8652967139474
302.3016312589731
293.3101220288702
297.5697515766816
296.4471217387274
311.81799787230995
304.40593057924934
281.4685428303086
276.87430752960836
262.52443762054406
296.3180460776564
289.3154846544667
285.2270632275387
288.8315474133477
308.21603179733876
303.98263649094565
300.18582533557276
308.90711539937286
299.2018616225251
287.095478183774
299.6791711526391
302.9587835734746
300.5044147792231
294.1672802892056
301.58158685448586
285.78964676927535
307.27863958990287
297.7409085433996
301.6827322532923
304.6882364870762
298.6707597677367
305.43799198752765
296.213471074843
308.3780370583921
296.9023296323093
293.1590632628655
283.64673486947356
274.067828157954
277.529093640362
275.15221994305085
297.5583607658259
302.4842991909756
299.55223629767136
285.4480499892626
263.8450014365289
305.37846482770885
292.0639275245526
293.1342840787769
295.1955276700665
292.2694494743084
282.55277438466277
272.1158020307346
292.111751691394
288.47872201213784
274.3652004941897
285.51288028571963
290.12664332759346
288.7401483202119
283.3883120157157
283.0524487281426
283.85720636152945
289.1129277829509
267.15323336596003
299.13669103956664
263.54898122221084
263.01795900548575
287.69340590788687
295.525251690196
270.8111659067384
271.1392792012201
290.88980715528254
290.0963956630304
296.45806432706695
290.32775884117467
292.62813768912287
280.49228806155855
278.6905076621855
288.2923448390772
277.80294452765196
290.2814719682538
295.34834629953616
297.9782990060321
282.9536942802948
285.62482182604725
282.71100184734007
272.16314060271986
298.9540047788816
283.8086780422524
277.79426546136733
249.18574682861825
285.3776453776185
280.59825412324886
284.3067487586464
299.0759117754692
297.833775035983
281.7527987722853
287.2581395287295
281.2927775087953
295.1213824660697
289.5080931873106
295.49555407092095
292.8927797579055
276.80077022147213
255.87074328493043
275.6352985767261
288.5188896554993
273.801205515863
269.7299830252345
288.7362656100365
293.4024790997439
270.8076361343368
282.67722238252435
288.3687152402498
289.30481771185845
275.4938327654599
279.3649223078441
288.6821540565774
282.2474687488126
274.5806010651645
277.56042817293593
281.97329642517343
280.97749972265945
283.90993948316526
289.93657003722205
280.16798301072964
283.82441532870655
286.2301565497413
294.621922756606
290.59314216024154
296.6772382671702
289.2512370325064
301.5990043870524
294.4388264178143
300.51548235414464
300.8623287915111
298.6848083654822
293.2227771091304
296.8011127725299
286.8988219881709
301.3213498137264
293.06356480307085
297.8471352207071
286.1349012416726
292.4643576421338
291.544080737247
272.70627415815636
285.9804938538707
298.3097964981497
292.82992087263654
289.73091266365884
301.34831745569943
306.0084799505443
307.7255216344715
309.61927477924166
297.7718617359059
304.61711033322314
283.818179324999
288.5209828937786
299.78688798439646
306.4142838833448
304.2139105654873
311.1093357731868
297.9053355385765
286.88495732903584
285.8390454602535
284.9265446042657
300.3615022321006
297.96149724242235
291.1195353131424
296.86875375988564
294.86226562627894
300.3292730483445
283.13881701802245
289.5222212832821
305.1437269408535
298.18283294731975
296.8831106834138
276.6459683117373
295.30121909663137
287.62741904690387
286.924726502578
287.6594531732172
287.84835554270364
292.3956142220595
280.12598996383963
289.2234543791283
297.1104362573827
290.64567280192847
298.9647097954415
278.17749531271204
287.2800049985775
300.37136422789524
281.0709477189244
294.9315393578196
300.82849553536715
295.45796980620565
293.4294283558097
284.57223288347154
293.08365749976304
299.4268888413262
294.21322514126894
297.18115558013614
301.99121236040946
299.79896914289685
295.18006516791803
292.70239710613174
283.4132919382752
301.04203910831603
306.20306601420975
307.85852591607176
304.06368494940693
299.69884835975967
304.1134246775349
297.3252446762124
293.57507610183677
303.2229188587136
301.07449080852166
298.317941192184
318.80749983645376
304.7973149351628
309.05827307571957
300.8470162324291
313.4539232524272
306.52485981111516
313.1398168488262
308.0586922440537
308.7494613574548
303.28776035365695
305.9193879900113
306.8488441760448
321.51421938065124
317.42419382262784
295.67972425666767
293.7317362462312
278.152718117956
292.5629996098796
287.35057343688976
291.5032762666221
296.7980342559811
301.69414951034776
304.83512343422507
299.2564937813167
299.6700216266805
296.8125466824382
288.16326188402087
288.75240968741934
291.6594285652058
295.21844338091955
279.41064247818764
297.32626996313485
292.9817827814167
295.61836599794844
295.8023574009634
298.766819230393
283.463300288136
287.0037271048716
294.7120370143017
284.7813572885623
293.871211523244
300.2983637391835
303.0813736743436
299.04853011336616
284.265311514164
297.24098926441985
280.97900667640897
295.7382805863888
299.94265026581246
270.3427420742705
295.97408346416705
293.03190172347973
293.4535748629161
289.43882109994456
296.4392913229638
294.4560602496399
297.11531180583427
301.33496075495225
310.35545931617827
296.4290949632025
304.4687893452076
302.6677601334221
313.3341195539987
298.32092434262245
313.76691298308305
303.11329157885444
298.43273982541297
302.7750573689072
307.6956192929402
309.54083984775923
309.60733815312864
308.6354707374574
305.3012571923389
312.7990480219702
306.61573734897644
317.2570468090641
316.0258306165357
301.1879890339123
309.2691701851897
302.88930835355933
312.502972657899
295.7443417654622
304.87509366268563
300.5358696942975
301.17389329525054
297.2554476138328
304.34710465037966
295.80472366166083
307.5515249085042
307.5739734478609
310.71894394782385
300.05312433303754
311.39078222520345
311.65219513558696
302.4767349981788
299.64538962826754
302.565870303987
305.93698219882856
298.5594536396693
300.85622095729536
298.4972144517386
304.48279285566906
293.767377392797
299.2463369007078
299.3198190156167
305.32108648414425
307.6042838212009
307.344393705397
308.8054569741362
307.8814156500509
301.1559515270369
296.13556329934806
296.39514773273123
294.99154898777715
296.6390459289093
299.6060137777459
300.87941227862353
303.732522365516
288.92466799963427
304.8874916389178
303.361690315414
307.14578406652896
300.6123088484629
296.2474422825158
297.1023580236212
301.61116111863066
306.58432238722935
306.4005506251778
311.5250474440098
301.3616554131816
296.84376033145315
290.81202891732937
306.49118368728824
296.4361530255521
302.48205824585654
301.7730406672109
300.51217702932746
287.44000993364614
304.7133895489968
306.7596497383715
298.3825422548208
299.6976530082132
318.7622496521003
315.65668493907935
310.1387282663366
314.9486976691313
314.3796036001717
315.5834818902746
311.7452276552694
313.1402520847548
315.84950173525544
320.7807570204746
311.1461880356736
317.9380012713816
314.97788564826277
316.63632609939793
315.2501379390122
295.7379518982475
308.7957674819283
316.0227921006736
293.31882159933696
302.96397875527066
271.71325445731367
297.68508738688223
290.048835914194
305.6136380458797
302.4372790755321
291.0214062220206
294.66130347032185
298.93570115808865
294.5945892346767
298.32457700796334
297.54343805132334
294.5770716608019
292.0988854082496
300.5147225843901
310.3708053226166
307.85702132570543
311.6712807384626
302.84129345459814
290.2784290733691
308.1878058125109
307.06198249538716
315.19317560931677
302.51863885309047
303.01920296422315
312.1549676089195
309.1211089871131
308.83927993961356
306.2839414367516
309.14026424559233
308.08928121095374
312.7506542947915
314.6125465115406
305.47653322101183
298.30389716813477
296.3692187080964
297.5991129848194
301.6174455294681
300.71063916146585
300.2368897740781
303.1569567175515
295.8284794364689
290.79826090508976
305.19617848347895
300.5619466329278
300.11895560734575
299.64998318610196
307.08460496675053
291.46060106573304
301.2697153957429
300.72340396248507
302.80315599210866
303.3127631335784
300.1661960376487
306.9614040416606
301.3664232496109
305.21228013169406
307.98195702806385
308.99653782594726
314.32177626318224
305.797900695808
298.87872390893517
309.41882000639123
309.7620691652261
311.89993020308543
311.9921843480344
308.0891067033585
306.09882288190545
294.7575499722827
305.9520782685384
311.88933394599405
299.6586419157479
311.61353826715856
317.47415789538746
313.2683497737376
311.138523020951
308.03002312224186
311.65170641699365
310.44608668523665
312.8337136189997
310.86920114678964
308.9699773705213
309.2390419384734
312.58398682989906
315.68688953360595
307.56135382919854
306.1625410979902
313.54129177785876
308.55737203419056
311.36423776071723
304.55590534252644
311.6519403746351
297.9294188096885
302.3182119415942
307.87124343143097
310.2005490940847
313.9040081002582
315.8350337415959
309.35362329300926
301.4613819853446
300.35403119680376
308.6464195615395
316.7888894573988
303.96110932675055
303.5291369853811
294.7306428543404
312.5900718307849
305.34357168238387
295.46513875771643
313.7262414021439
305.7036862169606
293.6762293025467
303.0356996270598
296.5491680928672
294.8497189340964
297.06806245275595
305.22330788708166
303.99088770300926
305.26858181437274
305.4116067259409
312.1897195069779
307.2013492631373
303.15219230946826
305.8117897683728
305.41037908922345
299.8569890204651
309.60335200614554
305.8172594678997
301.34972400782834
304.04126647380133
291.60227099915465
303.7616942037964
307.39692629517936
307.86797451649977
294.52733520483565
303.3955962143141
298.9493056918474
293.0994724419382
308.5867874410856
304.2893774614135
310.5373140972792
310.4862392429416
304.8025399766152
304.6553591093401
308.6870993232462
305.1253190647653
301.7518609523633
303.86289068788517
297.04049570521687
290.21125883083147
303.1998897352856
296.38055164981876
305.13471476878607
283.9878749470583
295.43712357828565
291.1511041350016
299.30713513062375
289.42473672433925
299.89819354833816
287.25806755212307
291.61674450606426
295.44369993461055
295.64862838772393
296.34027431555506
305.04852906049786
300.90265245826237
300.99097092018803
293.6495589862716
300.077463173983
300.7590061800581
301.10083059495264
301.20453691493293
302.7995556521326
295.4787656503574
303.29479066617046
298.18709028604565
303.96598839515735
302.62847931617307
305.30155521117155
296.6404843314905
301.89869588188765
303.08202760938866
298.8858678172014
296.28975370807916
301.5512999664145
302.90526578109655
301.9691835860362
299.36496953440513
298.146293366072
299.7710772546363
304.13955981345765
303.85094272170915
299.89771569886676
300.80063134257955
305.00105895120004
299.1461273389742
299.16412236067936
300.2251123588026
304.5907221887425
302.73903199474995
295.44693684251587
292.6363258137002
297.0792066902495
296.3638409831912
303.56638117483027
300.3238682356133
294.6366824879445
297.5128771897675
303.2152366645193
292.8046881943663
295.59266132556394
298.06006544403505
294.8112168514986
294.2834334699744
291.31245769442745
294.54705859742916
293.01454452748567
296.4374918355357
298.5660135076892
294.38280715827074
295.260331821505
289.9270688677507
295.20845955404315
293.4293745622184
290.01846403802807
302.7555308380278
297.56392373098896
297.8062535640541
277.98129538350105
292.88655007562147
296.80934811256884
295.77099353272706
297.4025303300061
300.5343526855313
297.78663838884626
293.87121114214125
295.7758314747708
298.2914240351602
292.1166490672825
296.00680845387774
291.3276005838757
291.61725383091226
291.85072984983276
296.3967302352186
298.98397519502055
300.8966792867419
296.0630602264165
291.9518383136394
294.106503445288
299.84815683052574
305.65315053125573
293.742514570943
302.4508736126943
301.1443154605953
304.72763098740313
299.9187460420864
306.102031455361
302.26977028729317
310.9490399973452
307.03603727727915
311.8740941452327
309.00336177409554
301.9064477209813
304.9263024707161
302.4405585870174
302.02152636975273
297.64007797677664
304.8750553245978
301.20615442880074
310.6842547825623
308.23133799634206
310.5991129847361
311.18519073891775
307.8091376650752
301.7023010024155
303.34402114869124
310.48313634621996
306.5012181744905
302.99849532165285
306.35616202424734
311.8953115912764
309.3748538643213
309.093720829491
299.5555078676683
306.2375233636605
303.2168838717139
312.10914372505107
302.6092681594549
307.4085619465572
297.23887922661044
308.37390335500396
301.81139306315566
309.01122570584687
301.5348201369012
307.37673253512673
302.3604483413181
297.32447674364255
304.4355665611874
309.7190351652153
306.40098707542154
306.7783400629029
297.6040800953409
300.1267888298288
304.3771473705735
307.39027919854834
307.679720519637
311.53094180471834
304.5842321561683
298.78304362027575
301.24785737463196
305.64948132284
307.2185057197938
308.34369103216187
302.38418335889554
312.88529635960555
299.87350078834635
306.19051828680097
304.44744008646563
302.8707503389393
305.9430625858487
310.00774614331795
304.170662234523
308.24129369126615
300.0394098579074
308.0556434319419
306.71100203838483
306.9074150327631
309.8792690610821
305.3731861696401
305.21113262818164
307.8654379056036
304.47622454593755
301.738281148921
301.5348184146939
306.83448112228996
306.39705232091853
303.64339449703573
304.87822488325884
314.5853946002965
316.7823823691706
313.95178599085295
316.6564357424963
313.9813515144078
307.97424780022516
316.0879885918537
306.5166356814783
315.120184445287
311.85837853836136
315.8713991270545
310.7473865813042
311.24655117587395
308.6021162127742
291.7723596107526
307.2408945895958
304.8312654922628
311.39890549575216
306.58720574291243
306.4893151734336
311.67468158966034
302.30864197899996
313.3435460173242
305.2040374428955
306.2636853239434
313.951120543193
310.0920739245643
304.39361531092226
304.15598951518143
302.98245986791324
310.5344241425502
309.48006965338806
308.3825745136335
308.33201355930134
302.8816668026062
304.7834546240267
304.0528411553606
303.2328459258976
303.58092100870914
289.2678927395421
299.6665118651841
300.8783555768599
301.19114751501905
294.324628398063
290.7738934060891
299.8983984342676
296.09168076906553
304.17419692902723
299.52555107924303
308.16834550427814
305.0222800817816
308.501652843944
303.1933266686517
299.37650805824546
304.45534157833913
302.015478796907
302.3506230540322
301.93681347105024
304.0426001477774
300.1433241088659
304.5254197807029
295.2059971391675
294.07980265771107
294.57327343027623
279.76063878821554
298.8653970113479
298.72097091131155
297.6853465528891
299.2798462191157
301.14508204044387
296.98197384565407
308.0402086045612
302.03708084710394
301.80133921694926
303.56213506478787
292.8965357994382
307.97436358281396
304.3456023481358
306.0008825351243
302.5312185912148
303.9608719653942
301.85484764278635
306.68796253252697
303.39112019253395
301.22529177368466
301.41896002384897
297.77337744800343
298.80847374958614
299.9087231528054
305.77124253811513
306.85568244018395
300.53040275703245
303.5931484338423
299.702901942115
301.14105256249354
283.37777457008735
305.2986419454475
301.0866880831506
302.1940649164836
305.9444803281336
297.34038841116063
298.2184408639585
299.9708253137459
301.7086614667801
303.99415090524366
303.7258267226942
300.7436441083331
300.9056077972389
296.92134077276427
305.34603323832266
301.3359163007925
302.0047333620166
302.03614851367104
307.71456322721826
309.8561967044181
294.2432132881403
296.3653084094835
302.2758201460435
297.87566136995775
298.9520286255809
289.0945999226551
301.20151349187944
293.13458930009335
304.1001891665463
302.8617096192028
302.8356944636972
303.67769865798886
300.2472570843162
300.36255306151384
306.574506705864
307.1769645689608
303.3873811752001
307.18007613280616
303.79951596414634
307.06604275749044
302.70068694507364
303.44593732121734
300.3869166727004
303.7189023410614
309.33590619808206
295.73393744620864
304.97293260839695
307.88831930573247
303.4666867266266
299.4440844182938
304.1952589378086
311.07335602360956
297.2993360425933
309.4220307437486
308.1528188909607
305.79593453272594
299.21431940793974
301.7683404080004
310.03246442760314
303.776185668789
301.5943077770924
302.97961073874006
298.4112921103264
302.4844285380708
307.758029115116
309.7992615199638
307.82319244625603
305.2047176390982
304.50431646649946
305.3555626060243
298.2657285029347
308.16779459105095
298.4877233546189
305.00038183542387
305.4483324517544
306.2892154362623
301.3257848870712
300.2154261423867
298.85007790107926
297.1852090060687
296.3510674166507
288.8968103274062
297.0047782523941
301.40438278265015
299.8737663960867
301.44683148851817
289.10547516292036
289.1596298915099
292.3117332142906
298.2167516930024
297.130886666043
298.8474695201919
297.3601820406623
294.81929197498044
294.80696296512315
296.43782350112383
300.816847442612
302.6759547644852
298.10211343251194
295.33515999181765
300.3740160426545
300.7335454564223
300.68438936855677
291.34606356482277
297.2692061997589
306.16200960186853
301.28500846901926
306.5009356054558
301.8840833614751
299.68592941048234
302.2351608672134
298.7251920233724
296.2144479397665
302.8018606504698
296.1659841033791
296.0077177958578
294.95292182061814
295.91891363951135
298.44596508227244
283.46993722654634
300.6352872057803
291.284383960042
295.54823044971766
294.5609878455198
291.5014141505687
300.6451921295116
292.60043291542365
292.03040209176083
295.52117792566725
294.7222380204455
293.1352240895764
291.7025207140777
292.86543356701986
293.8663904905338
278.3430716099744
283.99773729515135
293.56505005631215
292.08663540640487
295.9555489062392
291.0693735966564
304.75256640619887
296.7467391652459
299.04345105405065
299.36943551745634
303.9433595027295
304.81883756631436
303.7953454662777
305.24191907316714
288.78705396315064
291.358410084111
298.0427162093141
295.62713474606096
302.2381953577362
297.47858558261413
300.40508279996476
300.45805842565295
302.04114765974606
299.27974090932673
298.0385768239972
301.63234203631373
296.6342230459703
300.9289734051195
301.3447994590724
286.6827248262138
280.37124252413895
287.43759826494477
287.0668216239405
285.16095753742263
278.7879879045939
298.50748005395144
295.24892386261587
294.07530970784074
299.69231062155865
302.5606207072208
298.0788624951599
293.4073276500823
295.34699625232236
294.7139975023259
294.9977384898661
289.59561959325094
291.5887566967091
291.06723397047307
290.4580528988798
293.19881101765134
293.85866093729453
296.8732425160641
297.20252448384065
291.7585262901867
291.05728227914136
291.08261344518655
292.36206567651266
286.3465500770846
301.0623603372603
297.56848799698577
295.11511478056656
292.07148442239657
293.46064145940613
285.3711271033395
292.4748014081625
299.81770273929095
292.5095555952832
295.45738171678533
292.79281933819885
294.7010463494114
292.1600757819361
295.1040916334617
293.5676213295121
295.358717948083
291.77517704224107
299.5083465349263
293.59896430682966
297.475228758379
294.88822989243
280.661457463898
292.27186039338
289.97398284069857
294.46982180066686
289.8675636154028
290.1160678696316
294.0392855963477
286.1699565349248
261.66281982607904
278.4265401092749
278.8087025621676
276.0907320916315
289.88082534354726
288.84030193511506
293.580600545878
297.92702184876094
297.1740221227332
295.57182231975133
296.25678861240107
292.892680826147
298.0815373398308
293.3249782598895
289.06874061297816
296.44231000520176
294.78047107158
297.1487615122321
301.18236147420805
