35.61049087942207
25.189472568334214
28.146176822225065
36.95511917301067
39.28423158768469
34.69199141121391
47.73845186865788
42.67985975186178
47.2144194657715
28.207468554996723
35.123610125924564
38.92661361884328
38.145254678373846
35.675141265881
30.06629899722383
33.09916010173744
29.941205141082264
41.24954945460839
28.323999212776293
42.7958572970329
31.46832292815715
46.21086008725557
44.059520420573065
29.74781787741387
43.24146961742832
39.72218570591389
35.44706383273536
45.14980921080711
38.6113742398282
24.385575474362096
22.74449491505283
38.44961638327336
27.949918133516654
29.491982719382154
36.59453772786232
38.484442220302846
43.27085990593987
34.353924293860395
40.113232800504726
28.494003130857678
23.664382084522884
26.417281963567994
31.845589595131486
36.93464443347159
29.906279610790346
22.69504342925689
41.42852228243522
35.825221753345346
37.70316533850454
32.87030525261292
39.25050816659427
21.77563497902362
33.901445967188835
32.57689246036743
32.4059129397488
25.95293164873784
38.81307331133084
48.5346959420394
39.14623265292462
39.33599125193642
40.52672871168286
41.2876649993931
56.13276997087764
31.294063511712924
41.67637431579479
39.499389854952355
43.19751540092493
24.09406326876409
36.84475629592386
28.620107874698203
35.8327781252847
34.743133611105684
33.81132934002881
35.696114981788746
25.227578102523275
34.563975691095266
37.101513789894355
38.236524962269
22.649547575311296
27.631246011380824
38.202518423394466
35.23114222216714
38.189567082284796
26.887286594562575
25.65063558931435
23.715398082542645
34.256627956631924
23.93824037034607
46.75766075322059
42.96778119779831
33.828877479376516
33.38471377921884
29.952903020474754
37.40000835522714
17.802100220245066
34.96183313784325
25.589959934202007
31.117936351372084
30.645327895098905
31.506611482941068
39.484972280787744
31.22704853934665
31.80127031874702
55.27104783610177
28.43498084026334
26.172807452447742
33.544530964695035
38.25538609255573
29.88031329009685
21.833207499434756
36.75365084923719
27.29853260829652
21.98749907523215
30.371179808663975
32.300422669703366
29.523302070420563
31.045332731891666
17.243042718890187
31.362341076716014
17.398512684156824
33.538358868972146
28.840370841814416
28.262695146097187
28.450174927500385
31.13726353257838
26.65436726904621
25.18177028431287
36.10176688594373
23.946020262957607
8.516216543276503
28.14609967977965
44.92406552853123
35.16682312377683
29.922198108776126
35.23802080011701
21.88937288174551
17.44709321204065
40.08275641193289
41.319926253348754
32.29460085422194
34.95021932337407
37.97495788947164
42.7525563607722
31.56838615035149
28.11686457368362
30.324418692072612
38.713585599220316
27.3470019921205
16.961265347220664
41.037239347279574
40.02092796644759
16.903028818872418
33.70543868546967
38.44560178001175
33.75769770872634
39.34568794627628
22.857131764107187
50.81905764097408
34.472852187012435
32.992760442247054
38.63853204859067
44.32123588671568
45.96221412965984
46.4547433102325
38.259925501401554
36.1021083519433
34.06471938032791
22.181618247654367
33.88306045780965
24.543831573581944
36.92879078802797
42.33563061573877
31.919167597720268
40.09925119930464
35.910376551421
36.07632539963394
30.099328144526737
34.98535004692152
31.849707289516367
32.87410073477163
39.78137941430762
17.428899748728973
15.45557436095768
27.58952985340829
17.713237206849676
35.982032389181015
27.64282888148415
47.383174932943014
23.95217807010234
33.85435721984866
31.879192078305554
35.240100955340196
43.43121682569359
34.136306480428594
22.430744605860387
15.328769455866755
55.19800965640289
40.00768327493442
41.22501241679083
43.059801619773154
31.44801124051534
30.94824992849973
29.509563642928875
35.62003709558308
45.045915167993726
47.5826692534272
35.33506079460526
36.34601857376948
32.394714449577165
40.38599504205588
24.94927540579275
18.24099076473404
19.685246092991747
24.068121471159067
34.438812090314926
35.47832006849888
31.495780766640294
32.3074814916329
36.69900962237983
37.36215101251705
31.739815326749426
27.38303090001654
39.15474626825897
43.75626968945646
30.368732976308014
22.774864108417297
32.869155471766135
36.976235532369245
30.049187861709935
24.471852126709777
24.676143593970302
31.29929874638096
15.901995143295629
35.41207155410515
42.80224914517402
23.92514603341726
28.30656860145443
29.31603724008822
42.98501327459056
36.12100648269738
38.92449940670314
35.24576556509807
26.661975322161243
24.431390856333866
28.261232144323465
37.36544335632378
24.26320926169788
25.362993420830506
44.61455038279919
39.57276301472634
45.838888237303365
34.64394529454405
41.55582182421849
31.686222966748918
37.82619689262775
23.41636957493601
37.005030638243916
47.70877240357669
36.57872485576788
38.326923472245966
47.58923840778848
29.42873074198561
42.22978490556452
41.58116774676037
41.60309298299296
39.39628386253848
37.822830116782754
34.30189466850661
40.06515962926108
34.86196461554312
37.042487771249846
34.26787289340349
39.71437043931069
25.06120550638872
36.45475124645522
41.255637565878
41.851520392579616
41.0055957904216
33.01510130354219
21.378329569170976
34.57284760207284
41.95047261826182
29.115202892282486
34.3770315957695
30.990897549552372
27.623646443920553
34.6538541170458
26.733743912153475
42.61188249659325
37.70510644261213
25.556409203555248
26.719813721399355
33.76380973687031
48.759933041466645
29.53577691546025
32.00175601013596
29.39907963540336
43.307836888158555
35.25806058535091
40.52852802650113
52.832487810339494
38.48825801860652
32.6425142201468
51.857695899317115
38.881476036032694
30.95206225762646
59.41039304213171
42.00302509556249
44.87727027019791
39.9723012445685
59.75824769888111
52.17079178625044
45.55491070237422
55.092960128682286
53.89847274885335
40.66618957668831
40.68371528875679
43.69424769345058
43.254422511906114
46.10461957316733
40.28360878935558
34.091769832508085
41.30970148303203
37.58710383086745
35.23159740703625
37.608482005321086
38.0073728639003
28.75559161019675
31.806482958681134
30.17142755595393
44.54700159676788
35.919688323795505
39.99803036961228
56.47474291474462
45.24391656688784
21.967725358479743
44.39458162109991
48.5682463215557
30.699229455411572
39.786360920946414
54.533376968182765
49.78116795599908
34.62999793166947
40.539443915515136
26.558152769962206
40.15649317085775
39.199292416644134
44.451922082719335
44.75706195865078
32.911625667349966
34.85421675955188
50.434628690823
46.87829379360289
44.26060876296981
38.955640604538466
29.241674249129094
45.49971186055219
41.72035125138413
36.64815338582819
40.30617128835814
44.97407487934357
56.56231838304453
52.802027397671
46.96107939578452
24.16302794006523
42.91463734462231
48.24267849847267
43.68101677589264
31.92139988744172
32.24349869811669
29.678173573494227
46.47317869843838
54.362385172770836
46.70213579696322
39.675508387125994
48.07057177493551
40.886543755678865
41.4076781739583
39.26130979345629
30.284666290821693
48.047765481323694
48.640560841829846
58.54873467272331
25.936188520496554
44.45833310576047
52.752513713570565
41.92474555967944
46.754636752842934
48.87310290119963
39.47043167306469
31.084062823770097
22.40562291516133
40.599978770689184
29.10492466726014
43.6330449421566
35.28814492847193
47.838256784708236
60.1839655330129
33.87231722498448
42.27690842256032
58.424317575062545
36.22060140611585
46.43480769807458
49.241872272295446
44.918955665743056
46.81063513521576
42.95132025849305
39.57423880042268
49.39096900206849
42.04718247428019
51.81193031200661
45.30042497509983
51.96057241267536
49.32756369605545
43.81025584542388
53.522423749792985
28.160560799422896
54.12835373249318
37.90754481090214
48.86417810519051
41.38122969777195
46.50922076748298
45.658752719116286
40.30088004955561
40.994013451545726
57.10313504267984
41.90071207419322
39.20186748536967
41.67069004780115
40.178789591702284
35.31949600464063
60.80354041829721
46.703309045285515
36.53677477430174
49.95665850964692
54.480012561350485
35.54156763828767
40.48933863013523
37.27289756810836
45.09258775489064
27.09161717348643
51.07356625524115
47.89785908396246
45.68159249245494
44.657793127945205
38.87709085339268
39.82146865076594
46.313483945352
36.375807946313934
42.1480068013738
46.268473252659774
43.27826972261895
51.79656064980883
40.40963616507796
45.445449951728605
46.61726952344878
47.829667763179124
46.00372863493699
30.446856120377642
46.58647690528657
55.88039845476128
48.65351538344442
51.35013190686223
48.510153277693114
43.98803202188168
48.84681060329866
45.602360735885426
29.77089227496649
36.901789273643615
45.924386470343656
56.733260972708514
51.299432085548716
49.44441448744147
41.68430347205196
54.470401679458796
43.190172762666066
39.58216767616513
52.000001185427124
46.87460564566461
40.36264543513984
57.28168738293714
41.95061464156858
45.14749073421734
53.382482064518214
45.46722625156149
48.630475263741346
43.81316565705915
38.357052050344414
42.13095083208
45.06403688239444
39.77440090464341
50.68785282406448
46.56008139737122
52.674208624495996
58.399797264602086
44.8587055920042
45.81388142868646
48.91141298045181
49.0321355949802
62.22466412410158
43.04213359149572
45.32160240204724
56.8819931666786
51.27963739581259
43.69218262996835
59.74682062410134
43.81431310212011
47.579203374796876
46.12267372692115
42.85049795963756
48.44171683398651
45.019876324674804
56.75226578023322
49.238572629922665
60.55685265887017
57.012752914530815
57.90306042340069
54.62294068399583
48.60181530483021
60.14090317929508
46.762169288630155
51.529843734937394
53.69831210669117
43.025554558093894
61.70461403045649
59.35567253185431
54.800912244742
58.28890294504922
54.494058221499735
56.04736976036945
53.06017187379643
55.085493594353004
44.31237810886705
54.13641939036252
47.155522259053186
54.10982023837954
48.92087966337873
31.94537251985041
52.614752986160816
45.13652877951093
52.68304368100037
46.090841945442094
53.26220922814438
59.41985629382823
52.53814264426084
54.49607676824811
37.864022111115695
37.99778353278463
51.529007439903346
53.516710633759516
60.12036264747838
65.48239833492906
48.103307913424345
60.35065323767048
59.99185767818356
50.965143206366534
58.299906688284516
47.619598184829556
61.80757916780666
50.26696154805919
54.555257107455866
44.04021475808079
48.167120844926785
49.62326891210123
56.37074365219798
53.96808303937973
53.715266135652215
46.58760944305233
65.63473107398859
58.450116786734995
45.0987062179019
40.906120989310004
56.65024861889659
49.0109940240725
57.63732674958478
63.805137991923736
50.15857404757836
58.82259610246321
73.46659947951072
59.91084720338655
50.03396918017115
60.81646878966167
66.79893233437402
59.18280601080431
56.45396975031399
60.13349983242238
46.974831465951034
70.90214706322239
59.79238444748384
56.36239256843826
57.12271156201499
65.19151728792788
59.67707353919606
64.05697548335844
43.39969575239887
48.20856255653669
63.42267879754836
55.36197997270991
60.45201578515863
43.74887465870222
49.16199266266627
53.166274320997985
58.10521982381522
58.09323889625417
57.9108401473608
66.33163259665106
45.945902044666106
54.6422972949406
55.922195374545495
59.27830101969949
51.134934758815014
63.246064804273985
58.370904894625944
51.42293770957106
43.19254547965536
63.55964196941441
62.97227779767903
54.324762657522356
39.38842554319295
54.79798261403105
53.13830721100445
54.50780264000586
36.58053127229216
59.44609230965665
54.68309659150263
59.71728540831289
45.99742091046728
45.58945298203516
50.304249969811586
48.72214670510158
58.99422117336407
65.63293532990839
58.39527147432395
67.47388343538172
57.28482065762056
51.532589643744565
44.31943584803254
47.136196125251594
52.70497677591937
58.002620187914715
52.58293819029559
51.88190390218516
59.197004090051394
54.214394037538234
63.88753037559584
57.25907892610515
50.073592843830255
55.9111872387054
64.6799358466924
48.138176099896526
50.603312513376096
52.2966063825835
61.28429128213312
68.11556993286636
67.45754196605607
65.24860021965273
58.40513081444077
57.614641028366556
56.74517114974696
60.66080124323774
59.427430407256885
69.79339534339864
55.02430239594164
57.086814295232166
57.21209705307094
68.27662277022233
61.55812131324718
67.75899913462105
61.8051915671911
76.425140804222
63.25718593593883
69.44595251410031
73.38419112030675
60.07888031213801
60.99881042388482
63.625330664685926
66.17727090609282
55.53149865651077
64.8279219121272
72.13539833491748
52.77638259506155
52.89688282643637
59.18457254599824
65.87652079389406
67.19927911261713
61.22220637524211
64.32464167970984
51.151355330023236
50.23830613425571
61.56870070715291
66.68895014698069
61.415703620638176
64.13893952593924
59.815265821983864
64.18657768835365
48.342751608249166
52.30711408765095
58.68782161965986
53.98602173837798
63.45355986145618
61.39058139140646
53.4446042256044
47.96419109077331
57.174954718695524
62.95085973681749
58.213796012645346
58.29711282580219
52.78403562099034
50.63274494437989
71.42740583985588
65.22269225699132
60.177063901649404
68.97981083834622
62.44818230821318
64.44294851870355
55.96164365497223
50.30848212422358
50.6224032417207
64.74429727457554
70.50902858942979
61.585304409034755
60.082974509384606
59.79232661463723
58.90203170505327
53.45499809725737
61.738578593815056
52.49325426061191
65.32886175583414
57.4284170694129
53.73978221793726
59.631201200038284
54.46667526464376
60.77199138006583
60.57052692593944
65.01271229510363
54.849018468651686
60.48838433979859
57.57945645609268
65.77843116296948
61.424705369106114
53.03283910625645
63.73645075596481
55.002891100231935
60.74993189607571
56.136439571002114
52.89408410217558
59.61293681554206
67.33412265583588
63.74332263982386
66.88031306512472
56.28440928735891
49.7396239026019
54.83770943596201
58.409679929764174
63.0002429117083
57.066614253058496
65.2055652633298
49.07182744348189
63.61071432894124
69.60887937435979
62.576957176363415
64.43681820798497
53.28214838924971
54.699307323762326
68.83478607847556
56.105518044100435
61.97723478221554
65.01671481578137
57.90046786073978
68.50887772685013
59.64505195273235
62.08795032217072
71.29674475560597
75.53869880202932
56.798124664367286
61.14600980466328
66.21232746169584
64.15334854545999
57.862029030661375
55.39824394083969
51.98127265641582
52.66868007464892
60.752851957649625
63.1113056155627
53.32771797020449
61.63818382192062
58.89290911084217
56.91793095908427
56.41178662329351
61.6353832560819
49.733155210935706
51.943364908980165
62.05626781976076
63.22166483147142
56.660392999972075
51.57606114529796
55.454024959395475
61.497611084590645
67.33957918979189
56.98845460419204
57.14113284210624
56.7700187821709
60.37095977472825
61.11111180886262
56.124960605454525
57.7352960031378
57.7564702400353
61.66439719693734
57.51053228867233
60.52156886706826
65.07839671175077
61.99533972818386
45.51709222033746
65.1036318911323
71.0497039981081
58.62768897514652
56.18864133372896
56.87276886457192
65.78271993348058
63.962788909756796
58.447948586156826
44.748829437099516
59.3385281214029
64.12874173061245
68.48820365249627
65.3089289225047
51.48748017906708
63.79152712362798
65.28887819982067
46.416220047094264
60.59840022372693
61.991178531145444
68.41283767308886
62.92397860375537
60.47564484173241
64.51596393788286
59.33318969047212
62.360188577596986
62.00411913536279
55.99183288268838
66.58122607242377
59.1028108263641
61.211783726724796
56.35111705751966
52.62668648961805
49.71358405665775
65.44531974339144
58.618193146757115
53.85931570089098
44.60193856092193
47.649425609502714
53.100493734962726
65.53711870991474
57.13100220511678
61.07666732842092
64.86849097184214
64.73092378347259
59.33563298267932
53.6465724457435
59.7351817910518
61.84551779698313
65.8406106938052
68.84044939969067
72.14028895220306
60.970211816508254
67.18307254280089
60.425625138204694
52.88878341922843
73.64317669351722
54.562261921131764
66.9161274073668
63.29135556528445
62.779462506615744
52.84931374741913
57.130754991181945
61.96747079690197
69.86843371898824
63.92234109759084
61.47521862472436
59.93793152144913
66.06032047800657
61.04314058428406
65.49119743725464
54.95643820874574
65.11801284719343
70.27086474637925
64.94257402682145
60.924322569610744
57.8244568487886
64.25638868873645
52.60891928292019
64.38259417023252
61.46831023694862
61.26205285537978
64.52903155487833
64.69448930512569
54.02536961013054
66.44125860917455
68.41932846136072
65.85228479473513
60.35333642764089
44.87627988303343
59.68572676806175
70.36894956100991
50.53737851208829
67.43301886516433
56.09703914155827
63.77339040437092
55.01766835296174
55.5837567518243
47.72921597122043
55.05310655941684
60.53790726558975
48.11239360989252
58.10204171343453
53.517566936919835
55.21006396820502
59.00212750802328
67.22343075352629
58.69917331130686
55.49819366634809
62.22610577009219
59.36800476031599
50.232521084630456
64.45387923057467
56.52516124976543
56.47713164284983
53.117502396700786
57.60005198864998
63.59747734098181
64.5291086817565
66.22052105481751
50.4145700684416
51.71837537516611
69.23414330509583
50.32143686311979
57.85588160759189
57.03914491573042
68.47346778026827
67.881510409851
59.541638368588615
58.253637254942426
61.605967436173884
64.42369380420888
55.73863102777573
61.35430289039177
61.5229269318782
66.87561213612787
65.61619060515925
67.58957447787196
60.418932314108936
60.806850668674016
59.95487068976881
61.71842036642083
57.17879459633117
58.65995168157643
57.75252179424006
65.11732162239598
60.65163253667097
62.59448514941659
65.70502247492675
57.987200738493996
53.75370276677442
65.52618433901813
56.08103503074259
59.63825766074222
52.35994097712389
61.510924548539904
47.84796207825867
56.05346704381505
55.59160500728229
61.757269292721034
59.952424451531186
47.86111501384439
53.05633935938587
60.95472148687546
65.79938631216054
62.22971466338353
56.001971391576426
63.59334730657622
52.17384774979947
59.41688729635279
61.434836612959614
59.07494506404961
58.937741972930894
61.10970921783779
61.017764128198
64.83407434780293
67.32828955672292
64.42927452277992
60.55014429213088
64.5880566066419
51.60814590336085
72.44255371661777
69.04128084240183
64.94942460265854
63.05930957457034
67.8391761405103
66.0884677781808
54.45418852374076
68.61964408428605
60.89680237415358
47.84186123767273
51.75272173152102
58.68699386496883
59.77045055979747
55.23318088358369
58.22587147791039
56.784926510424455
60.18840144309901
59.676188641222524
64.98640475172974
58.80396394993721
65.96272034913713
49.4310761249036
44.05333112171802
54.20339947397527
53.51693527435907
55.93089503158316
63.38030082644158
61.89062870595125
61.21564519232563
52.22722855028018
57.52148718831955
64.20715307228978
62.14053772426846
63.912375342691924
57.62010892194728
58.82245811924929
64.90815963144492
60.43544339410626
59.884048354150266
58.02165503654546
59.557748919702625
66.55734849829994
57.901268594614315
59.16671477292578
55.53775065294515
53.551666088102515
49.367796680949375
59.58046474246569
57.182839263446716
67.11760973458479
55.04719464275151
47.06916123091988
61.24534823751834
60.351172157375125
52.781828492560074
55.951173225720474
52.87875388481316
57.26740399231587
63.229836378035984
68.48811498074768
65.65099518203982
66.78101846615375
67.64328181664648
61.30650040156851
48.024529782315774
66.51694116091406
68.89954167793515
60.53846644206817
56.281427955459904
68.66699290437738
55.940129083267934
66.15774462387252
69.69513949432819
59.15260445897417
65.43621015717437
63.916440378839695
58.521627667457
64.47686780916348
67.45824908413711
67.47191211082887
61.362749391255896
56.054509667302305
59.68715856375547
53.6538804616998
61.29301068271553
63.95224810796369
55.70128278714787
62.83132320483613
64.22329732934914
68.2224055246345
57.593024996599766
59.52408772547579
63.43943450116801
61.57135166068314
60.34984654591313
55.10633623286731
63.207177340369235
57.33847270412553
52.71877095043189
60.59899386801181
65.69020183978351
61.70624292870255
60.662925173969484
64.95769614146047
59.84249132907495
60.17019122974481
61.011031162974035
56.84276916653052
63.89565581191971
66.78305619424867
56.96783631634196
69.0313721393663
63.230880732546986
63.483522638563606
69.5865687125536
57.7371400137255
58.86518540117112
57.76713633929233
56.708480297646496
55.19759317140712
53.76023489695839
59.79663992783703
64.4661569058799
64.37178014002194
67.30425528998792
59.16144980844931
61.817806873573105
66.1735544647732
67.97617967890288
64.5094313439136
65.83409215456398
58.419315813168886
48.70950289855066
55.3935107179619
52.89153442165462
66.05362718483678
60.07078038810591
67.92880527118353
63.736419454230536
66.74025757135142
68.28923311829274
69.11225834218837
55.127728336922814
62.97849457801489
60.33432204933266
63.5113332472316
62.192924892798345
63.83354076567901
55.998850337709996
65.37694157214798
62.25869921702743
64.727864237107
56.10447571805256
61.56027461402006
47.13571939697549
59.769493821486634
54.886985623197795
60.18646737266037
51.774469876223165
58.44673899383852
62.30420202846347
63.87310209056233
60.19415260485688
56.964828811312145
64.57705273720813
66.4489549998732
59.480455586687704
57.09433257336434
62.99610770062622
51.35693412682919
57.99994975090863
59.120840417989214
59.08041004433408
56.90970577337553
57.09234074187864
50.54352682973733
50.950686762898776
52.59234309292635
55.993942484853314
61.869772784249484
58.16366011963414
50.968919918069865
48.951556769432905
61.865014849217246
58.73480899006219
67.33476090629155
59.235360541916144
55.07806686035111
54.71063154789578
54.43104217201648
61.47990514695916
63.61051612187176
54.67958060142454
62.3523410391625
61.840525198548804
54.79719292529282
64.33369955747088
55.09868352956231
57.08044632339942
58.929699260428016
55.06242126270867
61.24596413376198
62.00157734760983
64.29660977258412
66.0036355078643
66.6683435822338
62.43109803186427
62.24253744878115
60.420807371178725
59.52073096639767
65.21285262277082
60.359593623236826
67.32611827263902
61.22275775592207
62.865391359100215
63.339133514971
55.80841761406705
64.53230543851096
61.87280846029658
62.69797749435796
58.378677650283
55.42541026228751
66.97820440778762
62.5168931168508
61.99542564883521
60.04017889108438
62.12664071051168
64.38253335070878
64.14338627230741
60.10503796364512
62.78727148676796
62.04384884011816
52.97368806068533
59.743808835071654
67.2837123871691
64.65559025308723
54.877894580511374
56.22902854581461
57.233053466650496
59.276209851982244
56.89035381051399
47.54334999346559
58.40462353749152
56.18005762675892
66.09228795627907
63.70407053657761
44.06220558476292
53.087035606061136
56.37597127357464
65.72316804336926
64.91359773193649
55.79780331379461
59.151353380021064
60.470003861973744
53.52765076440855
58.46654241130535
65.0948827336364
59.53913584090264
66.4558049252495
64.02026079401078
66.72964836420282
66.2119233253294
61.15571579873466
59.17910837134526
61.95448814001327
56.12753816834864
64.1343808031373
64.32219749932425
59.09478453143174
70.07332558432459
70.991605273334
68.69220975239895
56.30793857782303
57.713178695328224
60.5203521342204
56.540791890683494
55.450810409740555
62.082023602228574
60.906918295700095
61.304924668619016
58.74127385853198
62.068254948193896
61.575150539671704
64.63985363989137
68.949522036605
65.40292856322253
58.8941182336311
61.683428686005456
66.86717904660244
64.1652737371177
62.64494238824953
63.914868487638124
63.02578344396737
43.679021363767106
61.7949318086234
63.1805666927965
65.31413971316353
58.94859884406402
60.12317174170202
62.132816044436495
65.99999814396486
69.18432190722623
58.50252464119626
53.460776574735455
61.915682311363284
55.058471845643716
60.5461813344048
66.86358034142835
62.72342085285984
66.64631235852818
63.8548642014094
69.91192432968548
58.70542782969117
61.55392150809471
66.1363287772778
56.29938193259593
64.61358103335117
53.928552280834815
61.37381447070188
54.439958191636244
57.353305790667136
54.95722145404209
50.480672627333156
60.114263431647544
63.33701546584459
52.38905862531117
62.12784618129098
54.03760007197696
59.16215993362494
53.79890830996031
59.95990323536397
60.70574422904115
57.751263934556775
55.75732353736205
61.811860503670864
51.31715185972331
65.52574856355474
61.19552528226922
59.69711390823727
60.01158572219095
61.86854486766953
54.57791322563787
56.408990885026164
66.72837842821762
65.29084915943237
60.047084828903934
63.14958676098107
61.34854709320386
56.857645572098875
60.109652659324254
63.74548817621467
64.83736776542402
58.42018571595777
54.61037368918524
54.044916052560446
58.80077931578414
61.69119635951721
56.22569200439259
61.86616915495031
61.5145744670772
62.71049470072018
63.07574228204534
61.354279324272795
49.44753901198766
57.70578333179292
60.679702180222044
63.93625200486796
64.40056906458206
64.98686053112858
54.45812792353859
60.548427308225904
63.60148547499595
55.82270545911457
56.38887410326913
52.738907782509216
57.872250306024526
61.777597150557206
58.83256993590563
62.38254672861259
62.32542004862433
61.45156089273904
57.55727137424671
60.74125377213956
61.66951596946738
68.2478240000498
68.0411412247304
69.54832343601434
61.35090503096532
52.35067339378484
65.44905241145493
64.10735119978933
62.5793129263179
66.29662832962957
60.83773082491528
59.45359064412734
51.94868193825595
64.5382682477832
63.195659157983116
59.41736901284349
68.34713978513005
67.36492724713833
64.23528167313358
62.92253850008844
64.9577562294364
66.68789060923754
65.38683330852301
65.3167466679224
61.32991828672705
60.90459697992222
60.41727835965243
60.74425816364082
64.02906730572894
62.5712007911187
64.45210481783772
61.23825733021491
53.55587368987133
58.95756836817522
65.50277960039797
58.58109968821217
60.30313103535254
61.271204424434906
63.712476190313566
64.55580076755591
62.2943877779642
62.8256610040196
56.36133904058232
62.04933638943427
64.75638338272573
60.4443335786173
59.43922720733239
57.84396735765902
67.27440825117868
63.84213483611068
65.53459331399254
56.15651932950653
60.38817999879425
63.628130903680486
65.8901470511055
68.14564719903052
61.24287409878685
68.67780582220578
67.92432661340969
67.91256738593148
63.72181129087706
62.521553141218135
67.11942476520369
68.16937906174786
62.17511845818797
61.793987704004486
68.1795070068377
67.76300194932858
67.7662582971318
69.41474352200402
69.33224505674139
67.63592727985204
64.68480473844212
70.73956760263874
69.6932034814951
66.16279772470568
66.2463159490226
69.4416313042116
68.21074265324606
59.888250600962365
64.07436944601304
53.985880105483126
65.87888379105816
60.07860527059835
59.39977642875821
62.36682184684781
71.07992971527428
70.27440697454789
70.74551179997698
73.59153968582163
66.1928394287354
64.62025417615648
71.1885172578372
71.15352347569791
66.15394819408151
69.74764958948855
68.29382619404916
69.89067043967047
75.74497479148964
66.13354569174864
71.5428454258595
71.62154634110307
69.46335760807185
69.37888880299026
70.74534086790769
70.8595364951867
70.83790601889689
65.51259352866963
67.52111256770385
55.18491967028095
56.48107922542393
52.61399571003109
64.02547722416114
64.38310486376578
62.880203834479204
63.319745020562436
56.97708237618814
68.88698710588571
67.43054040404363
67.42272678737939
58.348065554440645
64.52529225092887
66.35919665469086
58.27773902011783
61.57866947679984
60.24909834085466
61.956445916007
61.21987664119238
66.31769725885556
68.93350832084595
67.90472609252937
63.81990301319509
65.19167211091109
65.39603415132754
61.4678669988461
64.61583183407498
57.426403714570355
54.859139907042554
68.90183406393548
63.7259171477891
60.789882408862965
57.02285486083424
62.17339140235038
63.893143535853326
62.24502630507684
62.863791977606354
59.0717194615662
56.530121849246214
66.09777705422596
64.15554249725602
60.63863653107486
56.813744482986564
61.09865259882142
65.9387124170669
58.74510131551569
52.678194889538894
47.44454439058429
56.73321525593155
67.52347617321666
63.190472426930505
64.9563767074572
54.47324440341091
62.67506453470267
62.15369041742599
63.006780714492194
63.61650085734557
62.693868940570766
61.516453069555894
57.31775074965393
64.21070432287091
66.16583611329328
65.28362857072783
66.30898752940277
65.98675659491238
59.9492505488331
49.926187832967145
58.393078360935355
68.57065699646544
60.676432326916455
57.144457977534074
63.69799182065231
65.83893566148427
62.91894153485354
61.66781925231129
64.44604872316039
63.09895264977034
58.79407441586509
58.06432130839299
63.6882360703486
57.89006815071165
63.801542882112535
57.680203176766696
56.54877320246122
54.77353725638298
60.168185134628686
64.49847248826646
65.06427398448827
59.98359843890093
65.70279197039795
68.65562930771735
66.6004510117622
66.16006764155065
63.89391426153835
65.24610587686107
69.33005804908655
65.81242730264636
69.80372305376068
65.75293057145291
61.72680760360745
62.14559467588009
61.319682054738124
62.67534182794779
65.028945966402
66.17763424190218
63.59913220895653
56.76357057482282
56.89707333188368
55.19178001754169
57.34085944881137
67.60310662845117
65.4512017155646
68.37882004108286
67.98871132106908
68.71641882208252
70.0115409211711
70.98949719898413
67.64838018965654
71.4828704643272
61.79588709617351
65.17449134427983
62.02005450506491
67.51486328195625
65.71135724305685
72.31433350986863
69.99587117135762
63.64129863256698
66.38501669952477
64.75000140952994
66.14207626222817
68.02057215770434
65.19197957147554
67.77691334868875
57.63994269541536
66.34232178366106
65.47853312144872
58.32672583382155
68.69257656502151
63.74592510562342
63.50999063507932
59.86314144931936
59.54607582402398
61.40856302446055
61.21544563005361
60.50460597815516
65.58296291524441
66.0485694869115
61.52700518245131
65.68611162729394
63.30257246139548
58.84558009789082
65.37386202697738
61.991157048367995
61.99193536376267
66.25294102875706
62.19071016431828
66.02486548838039
65.72931057433672
65.20108675039475
65.3373081821402
64.01145264138103
65.49335626236687
64.92165066584909
67.47563182050416
65.41827611878568
67.76968323731093
68.12649015576665
62.736918845332056
60.99060352694436
55.95294521138842
65.72939740958722
68.36596729393489
68.7286145155149
67.38694263772142
63.32391791467198
66.19473192149873
60.103095236468434
69.23515255665457
67.97161247451695
69.92637957292598
69.68330395147393
72.53571711459571
67.52058865178128
68.66134703251332
68.10472750909346
69.14437735344866
68.4665592724329
66.44451547965625
63.362613913091415
68.07976999680805
64.64930241323125
64.51825787364231
66.51281380348252
74.22779394955596
74.11841747123006
57.0281694311224
54.857762420309186
57.7228738663044
66.31002240850194
62.23279169159712
64.87563848925109
65.37837751525164
67.31919777329227
62.436905691027995
65.79592816198928
66.46730073662337
64.2600509670471
60.72020039626037
59.82705954321172
52.40792172007983
60.03094669330592
58.53592217179401
62.40014256806647
62.432198114904544
60.93659624258727
65.16760953244034
66.40697379478785
68.10805029922739
61.84436921850097
63.10690298337445
62.70829600352049
67.7126401903292
67.40819885518492
69.31429724888011
67.00363108516989
57.97644594184773
60.47763539868066
55.26334103129459
66.41967877452636
65.22632426442917
59.92164909919476
64.03024652027052
65.25730542987468
67.56624904858248
59.50306867459275
63.22554166465935
65.59557658516084
65.42852243812565
68.11836040821582
69.27017554487483
68.08016179509453
66.65049970018079
69.68542900819615
65.99189020863085
62.08478182664771
66.4909453927682
67.69067861593479
59.55207556511883
70.12246600832218
67.39411355702286
67.92099349157256
68.21062969874599
67.62056648927856
66.05714628445837
69.18794477948913
70.92924246722772
73.64210940019869
70.13466391898564
65.4119514752367
66.91888946946955
67.64429115893664
68.41748552905517
58.93538836301185
62.6128611394553
63.37755356211836
65.91286725791834
62.26519461931817
66.22016682566189
65.0026048788155
64.6243877827584
64.22608690418741
66.37686572173251
61.919182004169876
67.40851451358066
68.13561446847633
66.3473412090991
68.00027286603108
66.82424295472173
65.90779252985956
64.21710236399365
66.14559125884581
65.36044188342487
64.55935239231067
62.632190780232015
63.062754015739436
64.93517131459036
67.21843785368891
66.10245748417388
68.20233247730634
68.96991478559924
65.83412574194584
66.53526574039705
67.24594816575387
64.96188120095131
61.33504304817526
64.74972684953624
64.02476945043121
62.949921135924754
62.247802974924724
63.13377579600204
66.23395102543434
62.82572716429841
68.16311274096311
65.16093775632754
67.49403326106818
61.92170429271583
62.878071074065915
65.53354160371373
65.92798067309096
67.43535212502628
63.089257174837385
63.319074193102615
62.48098718543075
63.62914223441886
59.95950302728837
64.73864573482909
61.63643943519836
60.26954174288661
63.863908381653374
69.77975145958747
68.65098656874574
70.43159528904997
68.64835124618618
73.62096756306279
70.42712583355451
72.52382823591029
71.41544792550829
70.82693463669557
71.3122313493353
69.58861029144482
72.38546446852122
73.58815709707484
72.16458041566337
71.03927547306621
71.81695696489092
72.45766879349434
67.6840352720088
68.98238787990762
66.25433573593747
67.90270821920402
73.58809039902422
66.66697078831962
70.66980525087264
63.72318746647293
65.09161765221184
60.52099375791878
67.7989031931089
69.44167781168751
65.95039744044213
63.034838076252306
65.31136577700971
65.27710549309333
64.47927186123226
64.17738869719356
65.31969222029815
68.15977763995005
69.03506534794386
68.32838746508187
72.0897736595329
71.38118344957094
70.71520801051552
64.49368160821744
70.46004101603589
70.22545766719826
70.72831960243467
70.68762698445143
67.96075152768704
70.21442921966342
70.5926897379128
68.04806913576495
67.73420145882662
71.23235193603601
67.26681910390974
70.59408095487667
71.57499917526495
68.96196515200631
65.10721082019205
63.29246057046943
65.9499174594822
68.68089755313355
68.54846313589452
67.76444848935682
66.78137633280471
68.71249514788305
65.9397258586695
63.974690704077545
62.272003670028646
64.99481151522798
65.86374674232977
69.01104270894433
67.79353885375117
69.44447548038775
67.02492368422
63.477343524495
65.86858914939326
66.62795778497652
69.90512776182373
64.32869846007304
66.76304261239092
70.56736982455875
71.06511014926014
73.14976710075447
66.65564622597694
68.18997055142847
69.61586247347526
69.43465569282633
70.33367933043641
67.30716258056283
66.93263485077148
65.87049351646144
59.07378021051705
66.90416254704189
66.67719352594824
66.05429409275867
68.36371980123482
70.6181756329977
71.49411904894967
67.26437575396574
70.50402976592663
72.5680904795195
71.76509577317442
72.24679417470969
70.09275544693122
69.58019793358778
69.02432370625523
70.5062365810883
70.1632152911556
69.3196127268153
66.68974782285366
68.90070500205437
68.62724161557097
70.83991324669762
69.24961211396779
70.19614041104234
70.44329201988553
69.04021460877205
69.90968904320968
70.49990167076224
72.1590048544067
72.94338593474339
65.44591635699952
64.1986211797514
68.70993634569419
71.55496277567113
72.37807148601388
69.15572479421047
69.79639058950275
69.4275909004622
69.18154172144075
70.70349304200448
67.47029660892676
71.55270203757803
68.49441088264538
68.18529336846247
67.5004014031509
62.156950988081014
58.320763326008276
62.68023943446917
70.76662993171439
67.13458577523033
67.79863421566968
65.85122236402198
68.60509666377352
68.53939128095867
69.28920815907506
68.01888351048204
65.34354295938597
63.53387140433715
68.24755667025714
68.54885434525949
66.66380936309992
67.4061130025526
67.79328279797373
70.9099773097619
69.30435999835161
69.71610991155276
63.18499018159504
67.55220631634005
67.46484577167655
68.90905242681171
67.90866164216834
64.86682422755892
67.99297961316077
67.56396156828173
65.46889971814085
67.89529610868586
69.21854260647694
66.65127439466718
63.49676441254219
68.15389959369267
67.23537389650849
61.85598321071895
65.08101233219172
65.02428996270662
65.83806964514213
57.35067296505718
61.38357611635019
66.23374806157642
64.98631166743947
63.15151161596731
64.44061754972905
57.827450706126335
59.13177345512191
64.78194800465913
61.04058214641347
60.62640764066468
65.71144449960539
64.22425487577772
62.63024123002283
61.16074660765477
63.625268468894724
63.3520962858882
63.77966902884958
63.701706106230326
66.67155418016854
63.70673875705803
65.29284880312764
65.9869648945256
68.16984155010068
65.18000611100894
65.91043208211268
63.59423784908584
67.17316979590596
67.83785297557884
65.91140782287667
64.23289987246805
68.72711498612601
68.51187518969743
68.55116165659271
63.39314939478749
66.2950358586959
64.633611488935
66.10571988446108
66.42166445664093
67.47069359768908
67.19353362205197
67.58213153789814
67.5713783239985
67.09048398942554
66.89103981862333
66.40776182112587
64.36323287236908
65.72450214705547
66.59967664866824
66.03984155270874
65.56703667544399
66.10065167637347
64.54643244261922
64.93147832385853
66.04356236902841
66.17855173763593
66.25313865376823
65.69981120133643
64.7024479209835
60.984846168490684
61.804374486550174
63.47800955394732
65.81987392918334
64.34644450458596
65.33891065453051
64.2645224992306
65.1694402393504
63.37647774701536
63.634568226955146
65.90791358308127
65.15851581551223
59.03147758074585
64.27014394524521
62.73165725163524
63.36901076448438
56.55831323441834
67.1856670994602
67.2468807907548
69.05048705636133
67.24373160724693
68.05935232934073
67.12969757213938
65.32009129611806
65.41587679008644
64.23434851131809
61.571522211576266
63.97350599152367
64.78507141152029
61.24177602367744
64.99171899324075
64.00778209925546
64.6861540867183
66.23598591409738
66.58155927534652
63.55151248180401
67.42058729191547
67.27562650516784
66.1962007628275
67.68452393565259
63.835173639116434
65.19189328206916
63.316782390435044
68.29271512418913
68.63354522409264
64.4555349793317
67.28726496110454
66.04234796826117
68.7237175930657
68.94079409153836
67.68934687826581
68.54071146948186
68.50030656618432
68.32626914766493
64.98180095796248
66.69443141717363
66.66622662980906
67.93190453336776
66.33899976448319
70.20502805361035
71.44075477932455
69.16926265637737
69.60468306599047
68.0042296978986
68.75450231747874
67.0570647998829
67.38027340816997
69.30152731332934
70.07176385443634
68.31298435161575
70.67901291576304
69.17735972865805
70.43554624902744
66.10415603596094
69.87002710138934
68.57231799367982
67.9369819332889
66.79740624322544
71.71320762564822
68.68744069310547
71.74467255052714
68.84545090498564
71.47956711741229
66.43660206384241
67.87092867046978
69.65652460507474
69.62043465682652
66.45526919771049
67.74918748126358
68.29932325402365
63.84200212852277
69.20775831440612
68.40754958167335
68.39918504019505
69.47380043111883
70.20610926135284
67.114859547836
68.35175527278447
66.89979429067492
66.97337763979236
67.60798467663606
69.87772431120194
70.3339726023344
66.75610086929782
66.71680508349004
65.53914268101595
66.60054272524212
68.51064032255215
68.36331565769527
68.59521322189259
63.884025072494936
63.63875265949638
71.10531858882185
70.03560595025866
69.1851012067769
70.61561465920373
68.93126343826405
69.41198960967665
70.24859285411007
66.30433923271033
66.73346780363103
68.93087219803002
67.65180871613353
69.13452897972986
68.24563228161571
69.073216614477
71.81688334472028
71.06303563258068
69.99007169878156
70.51280150750577
69.14549210732513
63.66839397961491
69.77452667165463
69.12560218321036
69.59705505551699
70.22962099506071
68.36920198450119
69.66943883358164
67.37889574214849
68.9381521461954
62.824887086138986
70.36572389959393
70.51490104147763
68.01412778963285
67.9216900309475
66.51195699118897
67.85794086965868
63.81122523780575
70.21006190881508
65.74299383199747
66.69261571698128
69.56024119303846
68.64903045237288
67.34750539980877
68.47111742742247
68.79748880150365
69.96536975201622
69.13338238064573
68.86410545309737
69.07544162472186
68.85555037424233
68.14293386860481
68.07860920679877
67.47059697348028
66.89010374476346
56.380597785387955
62.8687629456656
66.8527781279346
66.47259258589156
66.39004254023057
67.04171687463017
68.94282290980989
63.70029634644254
67.14312310518201
64.71208231240597
68.21815396015123
66.94804976622301
68.13528588411744
68.01077802605403
66.19801820144959
66.28661194292881
66.55206891087721
66.05360606319566
66.09494662023123
67.24842096677777
64.4539034594857
67.03354969392652
62.54460525144269
65.78804065539444
65.57500526235607
65.47908101555745
67.61706382398405
67.81445501815278
67.50971696907084
68.47295239719327
68.54873248111848
66.29064135497694
67.00151145810767
65.2057908105866
64.97774575720129
62.655472771135834
64.94447029334863
67.56662065370217
65.3363163304693
66.9973839356036
68.8243487004133
65.97965988256891
65.73344612876134
67.48506676989868
66.9423800660202
64.4050448768961
64.99828449341237
63.778463608318106
64.17539694883811
64.78458522929249
67.9545236708222
68.09827415267395
68.74414138010756
67.20632528121268
64.73080777443398
65.2934675674192
66.99465048638343
70.28517986874749
68.40538911002564
64.7472410843242
67.93879370271124
65.97347545382537
67.19776875099835
65.18642398821585
67.69412347771005
66.76621673579238
64.03431387503797
63.202458816466496
62.00072609073702
61.36449672727107
70.43079717720484
67.89615409900723
68.45273566503954
67.66441641513097
68.21017633932199
69.07251416405578
63.85211152624429
65.72999387328184
65.22026905195504
66.37063649184688
66.5296624214954
59.660266272375324
64.61041911821279
64.48595599795367
66.4714497964288
62.75387270028125
66.2199420114652
66.87372522623161
64.04970290272091
66.62290198165708
67.3601012452795
67.64090405678665
68.65232486500277
67.28381306777284
65.58129534421727
67.69833398048348
65.62920991648164
65.29539090088859
63.939953704436334
65.25546617123186
68.27754967306286
62.024035395398485
68.96256573679148
67.18997893491189
67.53351129941112
67.81529500594706
64.88678009199177
68.89809942834454
63.595141891046175
65.0829552944922
63.54834181997896
62.302973594108174
62.099272006864496
64.18553055670239
68.28635772093597
65.85119296005686
60.983565838661555
62.2939692982714
61.68706136114991
61.10749232372885
62.69639540034724
64.34971378725773
63.259317201513674
65.49433713486722
64.43855192056422
65.83898874607745
66.16278063282672
66.08441872612461
64.2972668072808
67.75510514167226
65.32076449315889
65.38842343235463
67.44236671717968
65.47040277670132
65.31393510328125
65.68910212154145
64.29242473558419
62.84605072931216
65.14579330397954
63.59515945467154
62.60415448564464
64.20017737488101
59.61082014178764
60.24324261473758
59.26311218958657
64.0090844975548
63.990238620803
64.15837489895523
64.31542012457622
65.07245194187519
66.41530710226436
65.80658070085077
65.86336017435448
66.63083632292701
64.60375652146726
59.407644752346854
64.96584636511427
65.66934516013733
65.62595410267754
66.43772186137056
63.89400554327559
67.2963016732471
68.3091732021069
68.8345285174116
65.59316717125076
62.63726044688188
68.58298453109657
64.18335344924155
62.665951101920314
67.38983897585628
61.09422448188034
60.70487686606309
59.96300964366146
62.97447515192063
63.96473809129513
59.87612416082887
64.79645351557298
63.689493201567686
65.66056126875083
65.06031358627357
63.57007540815315
65.1990711803375
64.71394997218128
65.96351410905672
65.86339089255691
62.44775111227163
63.55142560898117
63.60439446531406
64.11305625146517
65.37128522190793
60.61839094786801
64.15682686485536
64.7163207908687
64.45967457655851
63.30229300938655
60.66747344983404
65.99257171788895
65.43366676948887
66.28282546152916
67.15544970595325
66.04309467758496
65.41759004357118
65.49325622542766
66.92941084760417
65.75337246219516
61.14769977749835
66.55344828248855
65.89940871474984
65.2331882343079
63.663857419794205
64.88460370452432
65.06443535606162
64.95424866086331
65.51139518583054
64.05649679035334
65.41920303712159
65.67016664762771
64.85567653912277
64.65962068095858
64.93247990134466
61.20846614441804
60.578382267488486
60.88834376011227
59.04883331123642
61.5593477691572
63.44101650614369
65.2926997036982
65.12564046920969
67.1581354241989
65.28456247600764
64.66186512438115
61.90182415750122
66.02997639945511
66.05984711620715
65.98282840356156
62.96606460695885
64.69077922528247
60.32358408205316
63.004783416595785
65.03876348825725
62.07995380721322
63.62254708810062
63.71036715252981
63.859297183268865
64.02537407305212
63.91319239530697
61.680851396906675
64.70341691228532
65.44316944286011
62.876380722163425
62.08714663315758
61.1820128579224
64.66201780895649
64.85506451341828
64.45654965870395
65.12120678843091
64.44785951775077
63.46067397872762
64.8709241597869
62.39619540765384
64.64824461563023
65.19894732610871
64.21354722236894
65.39707562903502
64.26181660489358
64.06008565968072
60.8980438816825
63.726764291815385
62.77030836645322
62.46466675113259
64.71038062962282
63.29391228634301
62.16704888311199
63.08859270553134
63.782636596598415
64.91658873669091
59.039879054801325
52.206487849725505
53.941987970502026
53.61607298188057
54.219131257600765
60.309125507678786
59.836485385902044
63.140993484667945
63.55062299083992
62.8694737932547
65.77612410396601
63.64034324269032
64.44016456419624
66.47361545197509
64.47323696703594
62.61184442058955
65.41746798141763
65.1268936702073
63.18997099918675
65.6904654618365
