795841157.1239487
469560135.1604654
569767959.9836493
592123035.6590279
601236621.6338913
560650631.2856817
794642503.2913417
742343923.1187669
987119608.995182
438144212.98667496
550750258.305444
661209904.8792243
710885200.2948877
660347230.2567222
674923042.6623325
812445050.2632447
691440286.9447569
611204063.7889097
538660545.4602219
693837764.1392236
826406501.3911268
813303339.2454011
850610156.3705041
542857520.6781096
833006436.917716
691443902.6015294
771999135.438078
649335387.9046453
721101799.8034844
494743346.44106406
370540460.8062519
836715240.7559713
640672590.5913546
667626481.1127917
631892262.3262663
653643266.7530181
486454461.38169503
542920007.2860336
661093006.0256164
493604290.1951102
493327568.15875524
603550740.8319765
679346626.2336701
609768138.9147913
689445607.7972072
680648034.6580732
915820571.2499543
861062357.0178294
780627162.784961
504973878.21114516
704137420.9945234
614656844.1678942
831649455.9453622
645550790.4638236
582176917.8894365
511105638.5407187
655140176.0155329
683202068.1660191
728016354.918456
657970942.9743339
721625673.5423127
563708807.6056526
1040429550.5823809
765310701.3628829
626037116.3061197
638172175.990512
768274114.8267425
491367231.4004375
676960332.2620547
818213682.925695
707685684.9783475
616663695.4422855
700638360.1295379
725560958.3037189
566938880.6139953
699263792.9321706
584467937.5622476
544973556.3242655
524571959.9509581
590408109.6582247
699322081.3250366
957396252.6996579
845738031.7774228
753374864.994938
721573025.7341896
618989360.9119542
794101306.8395147
620808011.8275403
845937843.4762092
689237523.4394848
838577730.5201179
586953003.0815154
758582166.069227
734494226.9774227
521022632.23893726
613390296.5327097
568839632.4417979
659315299.9806005
903022633.1903759
695634632.76886
670753923.6737858
814024028.3221688
574653337.9729975
754604664.8817326
543574859.2446092
683069256.2276798
842714514.1733285
795239771.2952703
631904016.66843
489036499.0502529
781420168.0475062
593454518.7090838
446570603.2637616
725702192.683301
890003383.7457851
629694014.6192356
703800237.3320856
426014864.56291014
874721216.5062279
631363913.6562977
609715026.647484
760542565.3213661
605182852.9672105
714206672.6043357
539143340.3883601
807738983.168312
811361463.1540859
703509080.124687
658204645.9246637
448409002.2892524
782839563.871271
951021981.8348306
755428083.7956988
633115647.0945375
723385524.1874963
416199234.20823634
391920384.15056694
684890591.8414685
717840717.1546519
689685918.8638568
837085070.1046976
951713793.5775031
782972279.70665
573308540.1728756
884080473.0553997
451653530.3397637
708253612.2535025
550851703.5222232
578398748.7673662
957444400.9379363
870236375.341295
497598537.8028948
739705992.5226437
612688596.2235856
458867699.0265256
644150490.12903
451678611.170624
950042274.899111
618984458.2415731
952958241.4162236
652981626.3943219
802426124.7483115
796198277.2098635
732565921.4470513
752557232.2221879
787868378.1927413
466959576.5162865
548864970.7863543
956798171.1478952
473924629.10466266
891037049.0816472
811002236.3650181
587728003.3330768
764936118.4044739
673699857.5251858
823543574.5114348
644481081.562691
606422944.0304644
570576988.8698516
435711686.92278737
900664360.3060777
385784077.8057163
360782355.0613401
663247294.0564342
557850346.02865
727685403.5950621
717714240.0855132
831994755.7896038
594654828.6738266
799112174.9021431
947742651.2734389
898473687.3157696
967970729.2131668
792623661.3403292
457484112.8156643
651383859.0383924
906277514.8140335
621354891.8179275
863175833.8627431
825169204.221987
856674463.5448985
939336624.2025753
714161435.1918757
868325603.8168222
897615911.0532066
943968370.5903018
615146891.4462813
750891308.8446442
639567945.7865409
847599694.7343785
776887442.1071324
658404302.1974148
512048046.55649817
707864037.8160859
832138071.7747977
669548061.1320385
840088241.0616589
673180740.9407622
817067966.8302904
740333620.0501927
864657904.9090247
817239114.52408
778096659.5418214
616788523.7247442
840680930.668947
517554880.61802083
641201779.2585561
629155618.7179213
669210189.4364222
851781354.2101551
670829105.3011415
679291330.7464776
465440536.95744324
768153466.2070403
826553585.994468
667165744.8520104
658405462.681549
545838383.9432667
783476063.2621735
751918354.9415289
703065170.9473349
790121174.3934916
668941437.3339086
832348830.9114604
541268842.1851152
795323986.5376288
694022986.3446317
828499705.3605945
1073032215.9911993
944255399.7378873
882198044.5001178
845448504.8161321
932609799.2579466
919967458.612788
1006978997.7084266
657095693.083186
1036645522.8210578
1077999120.1727593
840357002.3142127
849026673.136056
910000462.8116933
793908573.4987621
1143011761.9817321
923610000.3063234
844147046.9964638
1104837294.203888
1011483469.2711103
1277727491.1299832
945174944.6572299
677972484.6726224
868892985.2274449
717738941.8695879
738213594.6533751
907971837.076683
863533390.0123436
893097506.5398256
740874505.9964727
892660239.4954084
580934203.079292
764737575.925
773624955.1197151
1021224271.6875942
900406722.1891513
870337673.7915509
1163474449.454074
712986141.8458451
737358628.2523116
739100366.3196864
1202024363.6009269
1007264085.394157
600274747.6421047
704875979.7876593
1026231652.409969
885884375.8626467
1116997545.3911593
780776536.4306442
663656788.7842777
801298435.4442233
758989912.4697487
1034893896.9054644
883409568.4871137
852707097.4446262
1015727003.2546809
973318576.4760369
841938156.5578016
859159638.3882202
939643024.5262988
760012435.20059
1149652026.8184774
849669328.9972302
1230192745.9696684
945991718.6388464
726542627.6627334
1022098394.5338535
1016632424.984896
1095625086.6243505
752022213.3189584
807604242.468174
1026125667.0383458
835923654.3998201
852380566.0901228
607461697.165873
1001176574.9814554
1011432731.9849241
797198258.1975557
870924221.0114503
910201534.3310068
640747744.959969
893374531.0758892
715852823.5435923
739909682.2609973
815550118.7006634
816400215.5091639
1112036913.800155
981072283.3411268
683394732.321593
856412012.3591368
1104531319.7535946
886107382.7416663
839797103.1396556
1096179390.4022107
1102828003.3079169
932295955.8737698
954337199.139817
735893473.6552104
870283329.9687256
996291046.6407499
1091707996.941969
846488172.5929053
778711408.3656324
767613239.4505764
1064195348.1592393
1079203256.829911
676601117.266618
738024211.9034414
874081193.9660188
1106113174.648595
1023645606.5583217
856552521.7863939
1098798824.513452
973375168.628072
1311390324.8146472
1161305456.1590228
935929336.1273886
653499911.2886724
1171262678.5681908
1049683232.7449297
1004218949.4807891
766249030.5422337
690451987.0737724
936673927.9573884
1263016867.1750915
1372454185.892943
674034293.3532389
886749238.0816625
952196880.492065
1025127424.3661555
1066800850.9766948
870660979.5497658
754001360.0563757
1222170680.5730917
1136510742.6369781
1148901952.530008
571342543.0594562
952603817.6241437
1113034577.7279096
824537303.2462658
1043564780.5294974
1158723172.7902026
904309684.8782369
936328674.1910297
399690095.4617806
978873013.4602231
616106728.3272163
940050810.7570223
698933299.3871369
848547390.0574032
1225476780.022285
560216650.657163
768606068.0074083
1106438149.6538284
1102514780.1090972
1118685271.144225
865009057.8149804
962079394.0561373
959063165.9061372
1174450352.638169
1047178812.5880188
1017583468.578338
769353722.6903818
1075449808.1080937
1120982974.622393
1378147571.9146407
1105159741.484574
1017953272.5097467
1321719343.9693968
714488451.8450682
962802186.1693171
1067742573.5634676
1102166200.6380415
1046575654.8120695
1390161356.037551
986478747.1752081
1252265279.9456723
1016402596.2905362
1085924072.4796588
913655392.1674935
962649561.6058955
1160737007.3362336
1034895458.7452357
813720987.6137357
1541308049.896877
966823630.7541355
826213895.6205258
1218523001.4349267
1165820974.1276946
1055890554.1101704
1208175399.577595
730533109.2196583
1002430995.3024998
898008211.0385416
1366632403.6216419
1375908434.521508
973168565.7221301
1059340182.069515
1106570273.4411302
878418480.0455933
1177765380.706076
893223870.0921634
1140528804.481094
975819408.8224846
1001616245.7246238
1095356879.6592677
777823472.3462847
1216979668.878281
1240837829.7377605
1101933450.977292
1122733600.6915092
807484734.3619349
920722109.8772557
1182680848.434135
1461720095.2610106
1141839132.9147243
1221453113.053383
1169120403.714903
1024453711.117877
1172592721.1387873
740001923.6857468
963531930.4001976
822471451.329602
1048479357.0213305
1201065350.1484344
1074819311.5441391
1069953418.7682258
1255864589.3683283
1156240281.5368543
1046215132.475064
1297170765.5901349
1084661524.6389964
790068658.6971099
1124793230.1976283
835204040.1780809
1122717259.3859866
1005403559.5696586
844710111.2782356
881906261.448909
939629788.487874
916557082.4473469
912898244.2601444
1005160518.979162
913850940.0047959
1378081130.5346348
1043035519.3908606
1265672719.8125536
1378739854.6216612
1278865243.7983694
1118244516.7012358
1298447084.1797628
857125505.3906231
1434859868.1887434
950972109.7750483
1275555672.545066
1431020560.6405966
1425824306.288073
1128728258.296006
1515971398.4532647
1109344376.8541305
1087014034.0975928
1199007985.6524365
1015788062.6495209
1112844295.7307703
1053119946.746292
1247702308.6480165
1032364524.5360985
1319859980.766282
1420333314.0074692
1308282006.21355
1480968440.832079
1154180674.8629305
1375731040.468448
1146263155.0630577
1055837717.8775653
1413958816.3439116
1059416083.2208136
1216522078.5032947
1397720852.6140535
1224672443.4953325
1194454243.4211013
1274119185.5919037
1412896235.7970057
1359387879.371966
1343895759.6325297
1256734114.4689367
1470730912.5221922
1351021310.2012517
1275315851.0473745
1276279252.7615647
965251805.2168702
1441635076.2058415
1422330020.120588
1430874568.958867
1114050108.1655557
1296477886.9840617
1330441924.6621375
1145508443.216128
1331816866.981165
1171119154.7912335
1128814171.225194
1218229443.3255587
1499298433.336941
1206267167.0931048
1450843980.2197824
1166715333.5500164
1294010393.649741
1572983407.5549784
1511757058.0239446
1309882065.756984
1226496015.9841843
1311858101.8538804
1137550881.3476744
1129574886.375198
1589286220.6573558
1079715098.3233595
1170798100.6526635
1143110658.8583183
1484804759.8147545
1344084394.5487316
1253061219.3672886
1584355720.0448241
1447670755.6117826
909773567.8644297
1126146390.0684967
1400309901.8646317
1252729252.4180143
1450528771.191384
1580325920.3399625
1291716267.1900702
1385652692.3207302
1640486147.1290274
1384435196.852912
1146734951.3487515
1596104618.3828673
1514289671.550741
1117045773.865577
1173739089.231935
1499734162.141732
1354949975.0012903
1593317593.3882973
1252440886.4809744
1364134479.571493
1434292757.2958121
1422057365.8947284
1367246087.223191
1582090576.9708571
1277588737.1895323
1284238692.1394694
1412264604.4640024
1594424844.5766819
1577537811.2733283
1418482433.4085023
1413511578.481686
1440706947.5207324
1571472380.5675886
1477588568.2770755
1231750976.0304258
1560471261.861624
1223884824.0756574
1283074891.4398699
1285678763.853742
1545573019.335358
1610257362.4207432
1520713859.9501767
1461453543.90891
1469606821.2057755
1488374583.155497
1409241557.3944168
1457879060.3564372
1529792874.1302078
1398534040.9866517
1295618902.7968442
1553735604.3084068
1395548148.2563996
1210937345.141732
1386050366.7975934
1583343596.7520456
1476189790.025106
1347307258.1193824
1448239146.681584
1330650750.7073138
1179189505.8154316
1300672954.5926843
1557870764.600119
1382213545.817083
1505698651.883537
1430435950.973299
1427885238.2796648
1231753956.774797
1399974278.3188179
1030224248.0325876
1380663400.8032296
1337372402.08038
1391141356.5419643
1130254022.898185
1577370956.4186838
1581664800.581033
1374124406.039302
1502503689.7983494
1272363953.3047605
1457141341.18517
1159272775.5626762
1434169546.612097
1199797390.3774524
1406018317.834872
1629526954.7454684
1525795406.4686427
1467288166.3432071
1539984113.9543107
1446290148.7528412
1425385528.9662406
1565573604.842568
1465107930.0125437
1412476915.4321399
1441232380.904579
1503709011.3476133
1522556845.797093
1571193670.3928587
1595369944.8318686
1565756375.9280086
1315802368.1457183
1680129802.3616152
1353673637.5680397
1425937025.004781
1637849332.4779365
1299024858.4254315
1649430348.8820047
1578872000.219347
1656425183.422507
1637286682.7209113
1557639760.1531346
1677203775.9379532
1411154662.1517427
1614164972.3287945
1683079161.8437037
1657453039.9961665
1515576708.625291
1563745346.6148794
1537902751.0422044
1380756347.777099
1415882451.083929
1605198241.8724604
1569186187.9096336
1401965204.0544736
1593978949.5010438
1578815853.9041076
1381308392.4455135
1449622941.4904876
1586434136.6654515
1607487775.9575243
1431835832.1136754
1526517661.0016131
1467297214.5835505
1595569866.808252
1244223239.9388242
1462366287.3519843
1596530745.0705085
1451717156.3630633
1510001405.9935195
1565256609.3446894
1499354458.9256632
1546705988.2682607
1326674602.3179862
1524194639.4468086
1590374343.4618464
1457070431.5262823
1614635340.549784
1492567344.1203794
1617135588.0313222
1551962840.9173512
1390711045.9967895
1576683364.817789
1526391968.5459049
1556921322.6002765
1616289578.784354
1334395975.4342499
1503383045.5884802
1631923588.1063232
1619650668.877663
1557323950.2824337
1632900760.7465854
1492463235.4127007
1653243882.972004
1461596348.99608
1581749246.0542493
1481116673.8259728
1531716058.663508
1446491800.3399858
1453525935.5188615
1410044399.515625
1509109832.236879
1408391326.3865633
1303673745.7438543
1414267040.6755323
1544265055.8253016
1530683560.3229902
1488087470.0729103
1574666730.8419917
1579090785.2230973
1622366714.2524872
1358919698.8048532
1571426328.7284954
1462993162.9426568
1364199398.278637
1285307733.6980646
1312250954.7355845
1402433711.1564343
1613218396.4684327
1478386449.830775
1322103053.148516
1531302392.1861582
1594871147.9217062
1630267293.2810118
1599193191.1156552
1532434287.3376772
1438512133.660637
1526928035.6770194
1364237666.037973
1536953840.6648204
1575756432.8508155
1408204662.9099936
1584102885.801472
1494422165.6116073
1571340407.7593899
1617645251.951071
1620552091.5095456
1496195050.7810464
1548962843.9400868
1443843104.8360302
1596404323.174052
1457358979.2268977
1402500631.7747362
1400083970.6381445
1466665465.3588507
1470274279.2301662
1598196029.2445688
1570256119.7255175
1457414946.880386
1689652422.5316489
1431745148.1743143
1325689990.1867611
1399520207.0351262
1264870407.2367911
1126018355.1368861
1553607987.6382272
1541595063.233829
1494526598.8554096
1433931383.2769547
1425110702.9820745
1508008216.843898
1615844242.7818727
1626011379.520096
1465771051.5909245
1557053956.709144
1462357996.2039607
1553755408.2134063
1580874133.3909028
1638411221.2160103
1404671081.7641723
1627881552.0928204
1590453397.72043
1342053895.629629
1403866583.8406808
1579350150.960155
1421008767.7984924
1637411092.7442358
1534313929.617141
1506442036.0105197
1418964793.9243834
1439616470.9156773
1482745291.9558573
1466682873.0298994
1540176036.2585495
1620650263.2982168
1689278889.556968
1528589481.8309464
1561786794.0560093
1630021367.2569408
1507564006.810745
1521252752.3878493
1627376469.4628425
1559598697.8452587
1532460133.7454472
1516659435.5764914
1354835111.8788524
1467878659.7586446
1325543845.8152285
1163639757.6978128
1274933201.9788976
1663853445.985016
1613137518.217731
1554743895.8380184
1517892082.3735664
1372269687.7509296
1500695233.206249
1567427782.4114833
1426079775.9831526
1415654347.469569
1622076108.8233836
1558677169.976887
1278762437.1864913
1376324254.565788
1513207255.423236
1541009650.6403198
1665233495.3240309
1125576422.066633
1397935426.77824
1415976447.4310455
1490458586.6533144
1368960136.408121
1232883044.1524844
1561675358.5404117
1604575645.5755022
1529317577.3503084
1592086984.1810086
1687264320.0586543
1576003401.498653
1648314747.6696928
1493588674.3013413
1325307797.3716698
1676372498.5389366
1527942792.7840936
1576843395.9920366
1643504939.9063733
1501466597.9767148
1428118463.9269898
1589428427.0766919
1496366220.9720147
1653496543.8294904
1549984174.1167333
1606788953.131453
1547364019.5516143
1628428933.604605
1541387624.6066878
1550827137.0145316
1388628586.1566207
1658541934.539161
1598263644.4757082
1598053509.8610342
1540992839.0475504
1446311848.5235288
1702615154.2441251
1442500381.1164365
1404822279.8670995
1474018185.5041175
1372812482.368693
1573757607.0575125
1560341901.924139
1317033785.5141952
1583479442.7731352
1446165160.3806195
1418423264.2558525
1582632314.0314646
1311091030.094145
1605841137.7545013
1587905148.7579272
1508888068.5543962
1429159520.1929972
1496644288.1964662
1596743547.7369442
1626630203.5594478
1595116678.9476156
1341009557.7291753
1303827327.5227938
1443757532.4049325
1305619214.2635267
1514185231.264323
1398303882.7071705
1170484628.1079998
1327841948.558219
1505951289.1032403
1368758196.2559946
1419254531.7465842
1580835203.321719
1388858719.4159982
1536556350.3931396
1720728298.309739
1597454055.0690904
1440289560.2095745
1486608744.5564039
1535394777.5149682
1330372892.7035968
1505244564.2058947
1476312636.3776836
1250915312.301506
1413152396.9279075
1645818666.0392704
1404983692.298015
1685273202.6146631
1411322615.0536997
1667836655.6910133
1623255389.3247335
1429909924.9886627
1400277040.8285167
1555495778.0704849
1616777016.5994356
1361878397.2023346
1224949944.5040207
1362887199.1209753
1487509267.818996
1336997886.6035326
1366355425.2997737
1386699794.2040598
1572300866.1932032
1480848833.5503833
1555997385.7903395
1455394329.3353786
1601518089.7115161
1631052775.3215933
1607483998.2411077
1599065791.1945767
1319732991.2643027
1606681010.384158
1546704401.3021612
1151895018.5620878
1633649874.4804049
1245936279.6086452
1513237166.9346251
1402660645.6451879
1596763227.4874697
1114659599.7726798
1451329965.766886
1590638517.9821787
1523659962.183489
1537524900.1253376
1362878566.4786217
1289096634.1406229
1537767012.8382735
1460550219.1906996
1348430108.45991
1481987043.9829774
1659008374.5520117
1521555509.8498454
1589053845.4595258
1547994241.4922094
1497022684.6395874
1723812993.6047702
1539274000.1094975
1654901904.7077093
1613378930.9346757
1598840718.2581108
1542344135.8662844
1566739888.1530569
1546088634.4976866
1610728240.590732
1642385230.0810344
1534968233.088295
1669480522.887478
1638217251.6519697
1512792452.0893874
1641180558.8159702
1494035266.2518342
1688353553.185675
1397609630.7367566
1384853221.492431
1454773064.9287217
1525871589.0845501
1471809456.6305425
1647328784.7372124
1637530063.861541
1625997002.4850416
1535444132.4638062
1366767300.9124928
1592124123.839792
1443815780.7512274
1535895055.1414723
1633735928.5759318
1608609217.7215586
1673832633.180307
1517017681.9140558
1582130889.8868647
1572990143.1385024
1603949440.3463132
1481978172.655352
1482585916.3049378
1552624170.3855376
1550562354.522693
1579792179.105085
1546608393.1405902
1319248889.2569118
1449832796.5538497
1600758286.7866085
1434030579.2310371
1382031544.709414
1557636555.907868
1210429667.2261193
1537110262.4649966
1514339423.4122083
1534416227.5999203
1555097688.270568
1401174116.2730823
1428243049.992834
1389248962.5043666
1343417333.4831312
1465413715.5001407
1356034516.8167725
1179789630.4111555
1419827430.5205138
1588623985.149464
1488678527.741013
1439207423.2089224
1455226267.581731
1571085869.71839
1615078190.7676706
1567134788.377891
1636309214.040905
1554235378.107632
1502487953.9631822
1613938775.8763354
1449486994.9010022
1524616426.2233748
1662590495.5184083
1291730966.0501485
1355737542.663492
1682271677.274214
1555501648.0294135
1616864376.1587598
1639304369.5464847
1577033710.449015
1583532638.2455394
1589248846.9324422
1556089046.6213264
1564906177.274917
1593689089.728765
1620166878.75536
1575604805.5016348
1581564609.7075226
1650923887.8009238
1627414448.3500874
1595330106.1536303
1548218381.436158
1564048775.450334
1682221134.7061763
1638349441.0418086
1631536224.7238348
1459617820.6226616
1519777511.361099
1462115294.0357714
1455056506.7934623
1516692063.4669116
1158239574.832059
1442308153.4192452
1424466507.2485738
1395400847.7125719
1393050653.8550496
1528548817.135524
1563620051.49166
1488146375.748164
1567775592.1088157
1616642515.0928347
1585961558.9706197
1489186864.2225053
1416895339.4305096
1575602472.8641582
1616849338.7462127
1529757152.1738389
1658871660.6459234
1663123481.3581502
1637902559.3746705
1620611199.0809693
1472874841.4438574
1586386669.9341917
1467669529.1632848
1465066379.0444593
1575115049.6309907
1370117268.5915518
1485344229.6898766
1452067346.5485797
1573372024.3821075
1630698255.4107335
1425146539.428525
1489174097.0292315
1538419104.5521326
1589893127.045561
1510137798.8785841
1625061280.9983733
1492186138.1497629
1533908270.028649
1440820186.6258645
1466756775.9921868
1532463600.884075
1582395298.1353674
1569679298.6017716
1602941042.7324119
1579638959.2761917
1565423525.0395067
1530211568.5535717
1636211614.4823759
1528670007.8988817
1333865225.713119
1612522016.8922837
1587430588.7715497
1563351405.4739614
1571334593.9512513
1628270432.0614133
1624397971.8899062
1577774507.148894
1194006094.8520749
1585162107.9889328
1463973023.6725647
1599045627.868518
1553764666.464743
1637234331.2172983
1491418920.9061244
1580784374.4867098
1631585502.2542586
1638600758.5524049
1650056824.334045
1644834682.3129117
1612515730.8476112
1611382187.3389826
1659139476.6082006
1633577385.0892334
1620975952.7430084
1434876885.5258965
1586796837.2176414
1590515499.7961738
1566351717.5583684
1565932547.490172
1574336327.7314327
1297903334.5007896
1287083831.1936226
1529920641.5609465
1441933107.8237853
1547395560.7617257
1440065772.9526212
1460404448.792369
1350100753.9373727
1605259243.7956972
1594382587.378714
1609008462.9779925
1577091210.7942038
1594432375.7871644
1568521666.249049
1621387647.0481098
1517915155.5574188
1488121277.255749
1595181048.277587
1606619908.4290109
1626249193.4967608
1626887324.0149457
1601432447.5024266
1547661568.4896061
1487787430.8455493
1646067019.8589227
1547802814.7798169
1661864825.909084
1655477158.0117745
1598465010.592966
1538977921.1525407
1563220213.261806
1567404616.5198262
1627838341.091024
1607576834.2796736
1451358794.1366553
1514374607.8775942
1547079922.8592265
1545715269.5540786
1433576150.3255408
1604865114.1520386
1565103100.5672622
1497410166.1275697
1633131515.7003798
1565141864.7352226
1553713328.0258422
1568205202.165692
1512846719.4268792
1641231996.7128499
1609092102.3839023
1577653529.0824099
1634156808.0971801
1632611557.2715342
1485459175.8830843
1606237812.1493535
1378986740.5202157
1632885026.578617
1585532887.7926955
1635011937.1483455
1664635018.5532782
1684766087.7803595
1616374428.3056796
1479467940.032401
1563189634.940619
1541539594.384149
1587367511.7837908
1563597078.623424
1549863008.3008256
1561210344.9583194
1489247135.6433187
1613511897.3099887
1607818078.8226302
1538952071.470263
1659325690.546717
1649967718.75817
1637109091.9011154
1649866525.418393
1640339053.7038093
1608658020.7802122
1588853770.48602
1348190093.3087468
1579592452.1837034
1603098612.3782713
1531123995.1265578
1618704324.6154032
1617615702.4463127
1579431682.402807
1647734052.7409585
1573508052.96124
1599950853.4173598
1658663305.9605374
1573968638.897348
1564581252.3968086
1611747704.51469
1565081236.7546725
1662659592.248165
1586204041.9359577
1620120734.3766687
1527837740.023135
1608590159.3890374
1649346125.243256
1561414010.005926
1561857765.9304183
1550051574.2454162
1596577959.6905017
1566014907.2825465
1574120073.0070016
1593742998.7895954
1599488338.8373182
1590360965.7098236
1598929998.8121524
1614848746.64168
1634431833.7544348
1665302374.9708452
1637792551.0452104
1612683927.0324883
1625536740.0741136
1635858322.9799757
1620795132.1411812
1476709751.7256649
1699070006.4508982
1642491912.9165683
1610236401.3509912
1543429882.5462036
1567617052.578914
1501827767.6486108
1610118780.8603551
1581113571.6678212
1564919935.5725052
1368794281.4739602
1624502555.345291
1586411149.6861033
1704289859.9141855
1626659887.9964292
1654486672.1975188
1646092615.6216395
1485003576.3535016
1614223279.696382
1488024055.5193226
1613682320.2257328
1616253528.3478386
1619720577.1191478
1640939530.837851
1599115553.3303676
1667021743.8796813
1632829661.4923027
1640464766.1066604
1608737662.600994
1429243613.3270793
1593864991.950193
1587471490.0638313
1395581026.8769999
1592254673.2557707
1602442370.1686199
1579896617.4288936
1591211435.274945
1480571590.9456089
1618378291.4766486
1531947746.4285228
1628044879.085763
1659731505.082217
1501165243.2910178
1608873178.37301
1465905519.3886971
1592340458.4788175
1673280560.689267
1648561030.9440472
1611314877.717266
1578750465.528551
1588288127.3706658
1617209655.9314725
1390780205.5743732
1536430423.4030104
1444148581.3849988
1579525621.3445387
1578375346.0361905
1577828628.3362548
1572203448.1642132
1591457083.409321
1591642995.9460037
1586141718.2696118
1544970272.2817283
1545355823.2444382
1526383605.102706
1521983978.1762042
1527572333.1159554
1567210148.9821625
1449370180.51493
1536908191.7662432
1593753388.7631078
1606894418.957248
1576253502.1687264
1576807475.0350811
1608425858.2441015
1646277445.9076865
1551144938.8984468
1647419301.1766422
1579651947.647924
1606170091.2031462
1608656800.2063627
1570700667.0852456
1538234136.8556385
1574684597.14679
1595705415.1070523
1492529323.9325235
1554571628.1337337
1586217489.6865716
1594050188.4004066
1609483876.7196047
1606712418.6368032
1613536304.8093436
1639323223.383777
1604747999.2605608
1620863455.528793
1524237917.285248
1623403016.7872145
1595048410.611374
1654301906.1624627
1635835834.8073318
1663500130.2694066
1640745007.1204085
1537544146.5241947
1655472495.316351
1615226915.275923
1612720882.4445522
1592866331.6244073
1652284298.403745
1634821633.2170794
1614070563.2055056
1580922831.3437212
1628750850.553299
1666651622.2265375
1650728982.3393276
1650934891.380143
1601160860.8548589
1617215015.8140082
1624467723.897831
1607495541.5720072
1647174290.6234615
1605419229.608975
1585099629.3375258
1582644401.1138418
1570363296.2946587
1573902389.1526792
1472276848.1045449
1615605101.7429724
1691513968.148036
1613896318.7034798
1610781111.5583832
1564418966.6166303
1567952600.5859811
1553209143.8479013
1617136996.420701
1571946017.7300694
1600400762.7504916
1569213364.4285438
1559855460.2262619
1570284067.8942347
1616163326.8320787
1609089335.5712712
1595870370.1575668
1640433372.283179
1643324479.9763846
1638153365.2354994
1635867759.8349025
1584908339.5568218
1581073653.140933
1569898885.5232332
1616659924.3860464
1636291427.7885087
1635084180.0763316
1662825092.7406652
1642084844.496942
1643392465.593606
1620796069.786561
1512433679.1643124
1600100109.128237
1614155614.2874353
1631206469.168834
1588129369.5283232
1581483680.7782362
1652002320.6687582
1652346599.3339522
1628211884.3750756
1641898593.7969198
1628596149.0837767
1700449954.089506
1693024859.3773623
1645991361.480442
1591242003.5923526
1488023627.1555555
1642363566.8119206
1620626580.7277555
1662945931.960733
1604148804.7585864
1664530540.0275629
1628924881.7689779
1609262875.768802
1695288601.8420477
1694421979.9749775
1633280522.2822943
1679376552.7977498
1660971959.3655057
1652576323.78705
1612123178.7806966
1631893844.9842024
1567359544.194223
1642301127.8143733
1647335039.5100365
1636152575.3379316
1669855164.8850486
1661060907.897701
1652893836.7231839
1614753132.878478
1669192488.4426694
1655316895.5593266
1640566759.516909
1621637890.5248406
1653112691.0409014
1677299841.7316604
1619621102.4380305
1677098344.6304433
1674496061.0706804
1663848083.4491994
1663961538.7067409
1536113586.5031018
1668100682.194525
1647203679.2949815
1659138220.3409753
1672359791.7536345
1659058405.5464373
1620265330.7911627
1596672198.465143
1604593075.3894126
1641261789.4453812
1621203716.465881
1589532345.314135
1596145790.8928814
1642421679.9466715
1601664031.3175795
1634062082.15233
1593738296.9185684
1589447432.0924451
1446752862.1556773
1627364779.9727225
1477234475.9983385
1509833468.0431867
1640377196.9507635
1631610355.8519058
1570941603.8370743
1514249297.1460197
1633456855.6865222
1624865315.303045
1635471888.5015638
1617446655.0741935
1616645247.9612362
1629310944.2178745
1523839027.0684724
1604242635.651768
1536561269.1459875
1621388625.176257
1648438194.2349968
1663102887.105083
1655163003.3960562
1635700420.0100176
1648736419.7084363
1559383172.5998504
1621204189.584461
1569443524.6431258
1590269320.6931577
1323857130.5737896
1537705563.5407286
1549312703.890556
1607715115.1851757
1652655854.768822
1649897781.9360404
1631596665.4834778
1639378190.860953
1639573876.1389544
1655861365.5527363
1603317734.6858559
1602277863.7875738
1633287991.6109703
1594519142.4162474
1474624311.6986792
1633694930.218072
1572424184.6892824
1551356257.9757977
1525983338.806488
1561991848.7988656
1585018789.5889328
1596086375.20459
1580753214.3725739
1550205844.4380329
1611769596.6578841
1569229351.1201673
1568970643.2080727
1563803047.2465253
1547342104.6698027
1545403455.871141
1555548650.0484033
1617860777.9984303
1576378377.794922
1560617080.1905625
1622779386.0854583
1616758118.4369507
1588852456.3047042
1618235362.4866621
1643918243.8995965
1622876455.2090883
1643363728.462139
1621986795.9849572
1684273990.9818995
1633833480.0146062
1669196795.9689655
1670988141.2054403
1647134206.314596
1642101853.0496612
1645553868.337287
1631251306.6673522
1661544832.94783
1672244947.1876693
1626042063.1465998
1617905444.7465231
1647191056.5847201
1635602902.3994107
1616622164.325895
1623261182.5677917
1607956077.8724573
1630653200.0350292
1662006688.668786
1714963245.0886874
1672504768.6944559
1672329169.4285023
1681373051.935254
1653589741.7419307
1646887892.5566185
1609394208.2148023
1672103704.1000016
1675826866.5824928
1670026669.9917707
1668898613.006604
1683615750.6544821
1678564877.449964
1621069393.0343854
1600015989.6893473
1642019768.4762323
1653196164.6615984
1657800249.183813
1620998060.0231009
1651420613.716157
1661325922.6454608
1654546552.1817343
1637576413.955905
1642434961.8755615
1668404305.3750217
1694109430.982137
1680155258.5478055
1617739521.0917246
1664810644.1188233
1637201366.7135398
1657798062.223817
1648041011.0442386
1637527998.0255888
1620284347.05484
1636902508.649893
1589366153.463484
1656254680.45182
1674993196.3434951
1638671123.4970748
1596159965.2923112
1588930218.821016
1617532501.9681165
1568295569.4753418
1619509207.87877
1633173550.8357449
1637891692.1323948
1614566433.8659058
1591574353.1848016
1579551648.158937
1633310138.2423291
1621720100.3049436
1626636239.6296084
1650256452.0226338
1697610496.1930895
1640475899.8298368
1641486125.964144
1610445484.0283618
1634454070.2108557
1654564821.1209152
1669932597.126076
1645753771.3196485
1656805065.6899333
1667970855.049108
1652262641.4642003
1637937980.6438622
1652156795.1334836
1654976557.6866822
1678764835.9825938
1728807351.2509508
1672962596.7437334
1707209256.870403
1676173023.4177682
1719705812.6981585
1731660874.843832
1724340553.4322996
1745078329.8903217
1706452973.1632466
1700528459.2310803
1675568878.4791396
1685346638.8247714
1736641967.5784113
1721115775.0462945
1724933908.0603623
1707764204.9957075
1635142631.2622902
1649214040.1662157
1646175031.4476333
1655606774.9593782
1620595344.885039
1679720530.4999795
1701293567.8304155
1643953813.3743286
1640239092.2216814
1669807630.7190297
1623389391.9619064
1641786146.9437375
1668021107.781036
1654615541.213458
1639074956.9477847
1646212023.2690635
1620671125.7859707
1646490409.5016701
1613665659.257618
1630322209.4673245
1570932128.2221363
1589951763.37994
1600517909.0923278
1579316016.66053
1613540468.8888361
1633697208.7845483
1640173699.0347888
1625935686.598981
1625604536.5470934
1647285502.8817673
1596674505.7687004
1601236650.848572
1636526836.9309726
1490080403.5167987
1612159095.4879098
1586016379.7741048
1587287106.3574846
1599483963.9920766
1626148106.310882
1621114463.9455752
1650248766.0972016
1628447929.2603333
1688361792.8545444
1600671489.7046912
1715868153.9035177
1708620824.2105494
1744046371.8860025
1691905778.446591
1740646659.7244813
1687873695.524431
1670748068.8176136
1673689257.5347426
1684638570.1692393
1696104574.0674744
1692941355.2168088
1689548567.0863311
1675586740.163964
1715851416.4711084
1701538236.7625651
1726571712.2335608
1734521839.5947309
1697626899.1958244
1712258737.3494685
1655905131.5572548
1728277143.1475782
1706357719.8897855
1700200114.2402816
1668767302.7047243
1694918051.8362534
1648198304.1563535
1721834329.024006
1691106016.9117696
1748892093.1129155
1757147936.8934255
1734384843.0035744
1680916344.2899125
1726922504.4751916
1720105021.1454973
1701200291.3621783
1700635525.5763001
1664658566.724582
1688207554.0913634
1688849147.5680797
1657699820.9828577
1638500465.0234406
1691776821.9479263
1658580247.9432726
1657105827.7200267
1683352235.2908354
1715039135.3284624
1698012487.3196023
1722982501.6756315
1731122451.5452518
1710639453.1033103
1680537340.2309594
1638829055.7202067
1651404933.135356
1628305047.3272
1656617489.1027424
1647446259.1354954
1677850002.2893147
1689416347.2849922
1675208965.5508242
1669472042.1396198
1677647943.4886718
1667181831.2258084
1638947299.332152
1671508781.8318393
1650013882.2014894
1709283677.3071795
1727597083.253868
1719590673.9873056
1758758866.441182
1706858879.0835176
1684375995.0321631
1705209476.1107154
1693584965.821797
1698913294.1928613
1697557171.8899426
1678375195.3072412
1683595292.2295618
1594424784.273776
1643432679.8355358
1709001616.5883632
1673920797.9690363
1738346825.0179048
1773392592.5490112
1727542576.3908155
1661651739.8421998
1701859667.438404
1703663670.1331537
1711083463.787508
1692255082.4828541
1723913323.2728765
1707835433.2076485
1756702799.6207464
1691919150.6036265
1731110896.5739334
1714637745.7743106
1749056678.3978336
1742571881.6177263
1676713435.99429
1686971085.9874923
1716121428.8690429
1642846348.0905383
1666096213.1356816
1560696438.4099503
1664432337.503367
1646934918.3702927
1659060774.181679
1625270816.8339472
1638315119.665079
1607055177.5210452
1623472049.578537
1604258933.633536
1628594057.242645
1623624648.9012651
1601552178.9543164
1666680780.9792163
1687192565.1379383
1694581027.2092814
1699225672.1362486
1695589059.8817508
1667554838.1148584
1614449039.9858227
1698134879.316986
1659656538.9206035
1716810558.0258374
1658317841.1313925
1676275107.0587018
1690817476.5279346
1707242119.0313065
1683768370.481848
1661324727.3362904
1698426850.9058328
1688779716.0299096
1691087234.1440516
1698496955.1488304
1696266144.8781488
1644782557.37335
1620238343.0346618
1651082651.5581388
1627909027.6955163
1619071031.9460447
1624476919.8768528
1644628478.9783304
1617182446.3499973
1600866726.6300952
1680438271.9931555
1651837494.168215
1635712415.7946959
1617124398.8357878
1656855284.838948
1640471301.8393023
1667503989.8625717
1668151261.2181468
1709468794.6373005
1652120813.9207103
1662396169.234701
1662554725.956726
1654513645.9970453
1660194157.4006865
1664438308.1334963
1670125527.5177584
1701391278.7564392
1671477944.8000278
1656904011.496892
1700620511.6364663
1706719933.5079513
1717548260.0702865
1734848034.9508705
1694277374.0417457
1688514258.5517716
1663075778.7633219
1729431765.6312196
1712770125.9517832
1666335823.3185124
1709057495.1512468
1746941417.49554
1712925010.885241
1721847742.3676853
1670125483.7630215
1678973847.517272
1677541265.190736
1696839154.6038175
1705300217.6440954
1690048288.8938262
1730120082.8407273
1718781900.1272812
1731219108.4678829
1709173449.9106386
1673914751.780481
1726538877.9980063
1729091960.561602
1699192040.9456913
1705480297.7237632
1714843817.678972
1666545262.9206471
1678569502.2138073
1672361684.4020867
1690163438.9506657
1710401320.7665884
1721537272.2153075
1759946584.264014
1658618480.1246517
1663533163.661632
1715457101.8192859
1739285977.6601565
1698473827.796763
1684214541.9836597
1645573862.3066573
1712365036.5182655
1692394307.7031066
1681958566.4725153
1715587239.8720727
1670796430.1957192
1650800924.8435066
1683835814.415447
1630915159.9097893
1637497114.9184945
1657694181.2943034
1690465230.0694425
1674982983.3224077
1705292504.4365737
1679036825.0491917
1715181451.6869445
1716115001.0328429
1690605340.9209805
1685007249.0976179
1689874794.310052
1656042978.142027
1694930917.323112
1676369817.5807817
1682248695.7420774
1672924275.2906098
1637267531.6474676
1677162431.738953
1683686686.4757104
1682978056.4336681
1657912544.8664904
1691139006.1905553
1670757473.5586505
1697024754.5235994
1744595092.9971287
1713948885.682016
1713050293.6305132
1720742371.2658143
1683991869.7805667
1673946851.3816953
1701496553.8323069
1698347288.8441827
1677863001.067851
1662190672.2516205
1657499715.823701
1604480473.4979281
1674697018.0977786
1625273149.467613
1683811036.5494099
1628764372.4414246
1641109288.2696946
1607792502.2517402
1632903585.2387426
1573870548.5390756
1650275776.019842
1630412138.1740875
1603260188.1594822
1620907413.2185197
1651725068.3044634
1693252657.1177423
1688627619.8980727
1663617007.6450088
1689551634.4644156
1653346447.9643018
1661716557.2888317
1672701239.8940368
1670553312.1956968
1673721349.6035888
1677654603.8651404
1663766157.220646
1671845859.7477896
1631068475.4091866
1666432445.9579282
1665061250.5287125
1684486066.8163853
1677669987.016727
1657695266.476808
1661205977.4710193
1640681463.2530472
1669379639.0820444
1632620280.0132234
1651809663.5598266
1641001898.3035042
1656820624.5455966
1658203564.903383
1643006472.956693
1673827315.3735144
1665825472.3518434
1633194770.170836
1646893366.4567356
1663748399.2257502
1622762469.3829668
1628877760.996172
1644714636.9708087
1673483282.3432946
1679993700.1446
1605340792.97737
1617100922.388433
1620730090.1672835
1619533390.700953
1663819638.459409
1650165452.3563702
1607554555.675117
1624060725.7916086
1660374461.2138674
1625926835.2680218
1609228412.3708289
1622256609.4142354
1611023584.95094
1620223882.9224
1619620821.7446551
1594399884.1655788
1597376282.6483798
1623170796.0524127
1633943442.636151
1629324893.0676162
1608212761.81392
1572630600.8801932
1601613520.6488075
1591021523.2250876
1614359747.3212643
1679584594.9959478
1641788429.3029904
1637139082.8129745
1536143599.3967829
1611564649.7751827
1599646285.50325
1620539473.5336273
1607666398.69487
1632887686.0891035
1614977474.4420888
1593610817.8877103
1614386326.0655692
1631582424.9118972
1600199557.6714442
1609089227.0428715
1572440978.7619085
1597887177.7064064
1574950098.5093074
1612857951.0641544
1634158678.5210798
1633777407.7151573
1601952178.4117086
1596143870.7116046
1624609943.1732457
1634362729.982038
1686428785.7774932
1616503473.5543025
1682497576.329868
1650255201.3367534
1690191760.8451345
1670999073.3883634
1678116905.493551
1664214774.5670738
1724701363.6595995
1697293559.4784677
1712212616.8242738
1678344244.1373992
1643108355.4940443
1665088769.7842524
1637744792.0545053
1635035593.7804863
1661388204.9047656
1659434910.2288384
1647408845.8056214
1707143419.0997894
1702446506.097152
1700554008.5876954
1689636303.1779466
1685160168.5176837
1665851103.0330548
1650654187.9243703
1692797674.7152278
1672480758.8197508
1655646537.660098
1696044926.8298883
1691309818.701564
1687619115.8783386
1678773640.0090072
1647031300.922353
1648449078.8239434
1650825152.8473086
1696660485.6407547
1663675133.0749543
1671573371.1347766
1631993303.8001616
1657892249.965177
1626209155.3188426
1663896516.7933044
1619132630.7437367
1649036726.906464
1636110322.197212
1642774304.247068
1640644089.5271175
1673472507.473501
1683109808.452045
1669807864.9720542
1666983633.9270582
1651179539.6435735
1646158155.1977158
1664553059.5796132
1667422137.239136
1694853059.195146
1634775195.6589024
1615439719.133586
1648371799.0264242
1664438595.1483269
1682332816.7949996
1684864693.9670577
1674081540.1810446
1701086277.0082705
1663566814.840856
1679581092.9182417
1677562690.9867713
1700269833.1230454
1674783350.9563825
1695304181.0820093
1653371364.669078
1713564615.8892293
1649671969.0428822
1661849820.6608794
1659024644.9853287
1674842195.344077
1689511793.5360065
1660347948.5321677
1652493733.2246435
1671228277.2381601
1662115765.0791411
1626336024.3277247
1619229681.2801669
1671227680.6196628
1674592454.0397205
1655933680.6785836
1655894828.8598545
1727127827.8989222
1731413505.5413897
1716371909.8332546
1739011113.9938807
1728321559.243907
1711918972.130971
1745494135.7914884
1670534660.093387
1735606300.1550057
1718174748.1327488
1761879833.9562054
1712601153.3340228
1729206786.7226508
1699272791.1662533
1593781771.1830282
1720632260.7834876
1690384697.9597836
1716917145.2074828
1693054081.7502332
1685732934.7265234
1723182782.9295197
1674011899.4927645
1707428080.7318466
1681178013.755884
1677928097.8377316
1723803888.2294047
1692719066.4095504
1645932078.4781494
1685451839.4857225
1637964446.0376563
1680300112.81349
1679631784.0065622
1671155598.0161035
1667218585.7584035
1664041355.3996813
1639758661.7685661
1633219891.3577445
1631813157.5890841
1643875183.5065417
1642477332.386647
1633338746.5270855
1618314336.7024357
1627415446.8419306
1607704156.2147028
1585727824.1703496
1632122228.9717693
1607097545.374917
1649729334.8740659
1629447687.6125677
1679059186.207039
1660048426.0468316
1685633731.5087671
1654779744.388871
1636751483.476633
1666900550.0034978
1634212405.4434304
1645819481.2657993
1638388391.6444445
1646729276.587752
1642262762.9537528
1655142284.4201908
1611523648.6526341
1582333522.1909447
1593939353.1331394
1477956102.5663445
1612144806.4851167
1606659830.9356816
1598868862.8387399
1604127038.3083212
1624618834.7921827
1608711629.947374
1696696035.806386
1656440444.0206826
1653171194.5786388
1679839349.6641052
1668055632.014813
1688315979.2530231
1677817128.494285
1673883672.3239517
1635648233.1721063
1663182851.8884115
1644795579.2069948
1674034293.832161
1643937258.67861
1656188128.6033895
1648547732.8822715
1625731181.028893
1632676963.7247958
1635478350.9376047
1656022630.775321
1666668346.1356072
1613520109.2079656
1643182621.9221718
1635611662.7614822
1643763428.4050932
1499555459.2543993
1648022081.9015021
1626735437.848111
1662453292.7468574
1660951853.9977894
1617383741.8364236
1609502998.4088838
1631069854.5372036
1670240921.461882
1651497024.0572855
1660967042.3418953
1638941932.92016
1658396791.9893334
1621312963.6277277
1644674099.2856317
1634044650.904705
1633416784.0302775
1645029248.7484622
1674408446.609213
1687274471.8189468
1643102087.9964514
1610683007.1162279
1658079169.908533
1618985360.0855534
1630093606.5583634
1591346284.0456839
1654967602.3788006
1622141451.6909277
1661450929.0253975
1674677128.212243
1649948729.1589744
1650508176.0621724
1650314481.6262777
1643168419.6872687
1674991960.7193978
1679587755.7677808
1650896166.834039
1685175700.7903876
1669972189.4820166
1679229412.7708597
1657997738.1659167
1671030674.3906724
1656574746.9588711
1676858208.1862886
1695352238.28451
1659873561.2829232
1664559742.9113631
1693662240.6971977
1666061190.2878642
1676820333.1994956
1688444628.3504522
1708782705.2242742
1686356200.9482641
1718231622.2113729
1724834896.5770624
1717220149.4470594
1673094256.0736873
1672279853.310583
1709755623.8558204
1671115824.8696053
1686999858.0839381
1683369912.7703419
1696405112.2310464
1695043398.8272367
1733246050.7110155
1732207763.9660563
1726738223.153889
1692429387.9426377
1699196782.362483
1688136911.5454247
1631236533.0197973
1716896074.8085017
1659559066.1063228
1685546281.185945
1696694880.9361265
1705172267.7644708
1648840847.0147774
1663572319.790244
1679767434.4937034
1624827826.6716073
1635314554.472293
1657888967.7644882
1633276015.1073356
1676541745.9725492
1673312417.1956263
1669088767.1837502
1626094397.6764581
1644947161.6202288
1638143247.336122
1636727837.789048
1624451027.3963304
1642160290.0679984
1623594924.7121851
1612149089.0004637
1592518412.006052
1619516465.1754303
1641142813.523644
1650443790.6555386
1627887350.4685159
1642592273.7220554
1649006788.9045668
1642878048.500822
1642438469.0798147
1609110224.8684664
1630986902.4418736
1681401947.1241453
1640662114.6456463
1665739860.7443657
1656712891.6869345
1646837593.1440773
1647481881.619568
1643443522.1178737
1632786899.1058447
1642480998.6250603
1660632519.4991589
1663749794.9381795
1662400797.7702215
1626001209.986232
1641618970.538221
1555853429.3081114
1654957996.0015662
1591234967.012332
1613050915.766721
1610637151.716867
1596052296.0756829
1649711757.0543892
1591901356.6875408
1627943652.5300004
1610978843.1444485
1620862455.9015796
1645055502.9663591
1630489619.9629216
1607774578.0639896
1601665410.3097763
1518057473.2136123
1533335389.8685749
1606855288.2647681
1593499585.0217185
1623985065.3788302
1606919676.621235
1687646612.3859603
1631383473.0990095
1646389454.2172394
1638238689.1503108
1677291542.1998606
1695689501.8122935
1682645438.8602104
1680440495.5457752
1564595838.9251199
1636432225.1327193
1631969762.202841
1612732602.981429
1668985423.848158
1635965849.340855
1652736127.464538
1652975362.7115867
1672659806.784842
1631950860.1050158
1638598624.6332424
1660390943.7101393
1628458044.7871604
1660001874.8402314
1668482382.928259
1551641763.0694044
1531879267.2531805
1598530268.2907891
1589982055.432722
1592699551.6417434
1508967788.5633342
1653258879.63928
1616995896.204073
1605719525.5219536
1643278274.0238376
1672878056.9837651
1629282929.184381
1615880063.7382164
1609354730.1378999
1602659798.9773147
1605627714.6735759
1586779781.3377707
1584441695.7797723
1610193480.6933465
1595617826.4159665
1600067785.5444677
1617881847.0268753
1632101894.6868258
1634515796.1489682
1598279130.0238945
1588314277.7520657
1590738660.4184759
1608584155.928841
1552952153.9071195
1654919430.6729147
1651019555.0163698
1635275386.7909684
1613078509.2353256
1607958365.3471825
1541296057.7728539
1598727803.6743288
1644908767.278411
1627956753.1928189
1618427648.0320385
1596458470.790209
1624689327.467131
1592677483.8714464
1618795402.797958
1614241849.4944062
1618319699.1414123
1591984893.5317147
1655804212.091329
1632473072.343029
1637350552.4231236
1622729904.5658631
1519110187.8102458
1592797943.2630951
1586204831.4058251
1624180779.7611306
1588078105.8507214
1581371088.9979339
1611339949.5706942
1605472812.5494194
1478591077.3882513
1590130905.8482835
1599414509.8395522
1556806879.0488472
1626184978.3246844
1621357126.6160736
1624845972.36769
1640633241.6962643
1640420094.8506868
1609259736.8715086
1619386795.5780869
1596992806.6399255
1629252441.3738074
1602288495.506704
1580304904.3679812
1624984933.631886
1608978378.9386594
1635012013.561232
1647072397.8377483
