1.04
0.94
0.92
0.97
0.93
1.06
1.00
0.99
0.95
1.06
0.94
0.95
0.95
0.95
1.05
1.00
0.96
0.97
1.05
0.97
0.92
1.21
1.22
1.09
1.25
1.28
1.03
0.97
1.03
1.01
1.00
0.96
1.07
0.99
1.05
0.96
0.92
1.03
1.21
0.97
0.93
0.94
1.00
0.97
1.04
0.99
0.98
1.02
0.96
0.95
0.98
1.04
0.98
0.96
0.97
1.20
0.95
0.97
1.18
1.06
1.01
0.95
0.95
0.96
1.11
0.95
0.96
0.98
1.03
0.96
0.98
0.95
1.01
1.02
0.95
1.20
0.96
1.08
0.96
0.93
0.95
48.16
0.97
1.00
0.98
1.03
0.91
0.99
0.96
1.00
0.93
1.07
1.01
1.23
1.17
1.13
1.50
1.04
1.02
0.94
1.03
1.03
1.04
1.27
1.11
1.40
1.07
1.22
1.08
1.07
1.05
1.03
1.01
1.09
1.04
1.35
1.35
1.10
1.06
1.06
1.26
1.33
1.15
1.09
1.14
1.16
1.53
1.34
1.11
1.20
1.06
1.14
1.24
1.12
1.13
1.04
1.05
1.29
1.07
1.03
1.01
1.08
1.05
1.05
1.09
1.02
1.10
1.02
1.03
1.15
1.09
1.08
1.07
1.07
1.11
1.06
1.02
1.34
1.10
1.03
1.10
1.04
1.10
48.67
1.08
1.04
1.11
1.06
1.08
1.04
1.23
1.07
1.05
1.09
1.10
1.20
1.06
1.07
1.17
1.02
1.11
1.21
1.09
1.08
1.08
1.08
1.06
1.06
1.07
1.25
1.02
1.09
1.08
1.09
1.06
1.06
1.08
1.12
1.04
1.07
1.02
1.16
1.25
1.08
1.05
1.07
1.06
1.07
1.05
1.09
1.04
1.09
1.12
1.10
1.10
1.11
1.11
1.24
1.10
1.44
1.40
1.24
1.29
1.07
1.10
1.05
1.07
1.08
1.11
1.05
1.05
1.14
1.06
1.12
1.07
1.20
1.12
1.26
1.10
1.86
1.27
1.14
1.30
1.10
1.21
51.78
1.13
1.03
1.02
1.08
1.06
1.00
1.05
1.04
1.27
1.26
1.20
1.25
1.06
1.13
1.05
1.02
1.19
1.09
1.29
1.07
1.02
1.03
0.99
1.03
1.05
1.03
1.05
0.99
1.23
1.03
1.02
1.00
1.19
1.13
1.00
1.00
1.05
1.00
1.10
1.22
1.29
1.08
1.49
1.05
0.99
1.00
1.00
1.15
1.08
1.03
1.00
1.05
1.15
1.00
1.06
1.18
1.05
0.98
1.03
1.08
1.32
1.02
1.25
1.07
1.02
1.00
1.07
1.04
1.00
1.01
0.97
1.12
1.01
1.01
1.03
1.03
1.07
1.00
1.05
1.03
1.03
46.62
1.07
1.10
1.03
1.08
1.00
1.02
0.97
1.04
1.01
1.03
1.02
1.05
1.02
1.04
0.98
0.98
1.05
1.08
1.09
1.09
1.20
1.07
1.17
1.03
1.07
1.00
1.00
1.01
1.14
1.01
0.98
0.99
1.05
1.00
1.04
1.18
1.11
1.00
1.04
1.04
1.05
0.98
0.97
1.02
1.03
0.99
1.02
1.00
1.02
1.03
1.03
1.42
1.06
1.04
1.00
1.03
1.07
1.05
1.05
1.03
1.08
1.06
0.98
0.98
1.16
1.11
1.08
1.04
1.10
1.04
1.23
1.59
1.22
1.33
1.07
1.38
1.35
1.43
1.10
1.08
1.02
46.47
1.06
1.14
1.25
1.08
1.04
1.15
1.10
1.10
1.02
1.05
1.03
1.16
1.01
1.05
1.08
1.01
0.98
1.00
1.05
1.01
1.04
1.14
1.10
1.02
0.99
1.03
1.03
1.00
1.05
0.99
1.01
1.03
0.98
1.02
1.17
1.07
0.99
1.05
1.27
1.32
1.17
1.32
1.08
0.98
1.02
1.02
1.05
1.04
1.05
1.28
1.03
1.05
1.01
1.03
1.02
1.02
1.02
1.07
1.01
1.07
0.99
1.03
1.07
1.11
1.06
1.23
1.07
1.03
1.05
1.28
1.11
1.02
1.16
1.03
1.02
1.03
1.03
1.02
1.03
1.07
1.05
46.36
1.25
1.12
1.06
1.10
1.07
1.04
1.11
1.13
1.00
1.03
1.17
1.09
1.06
0.97
1.07
1.03
1.16
1.02
1.10
1.02
1.01
1.04
1.08
1.03
1.05
1.22
1.08
1.06
1.16
1.00
1.07
1.03
1.02
1.04
1.10
1.29
1.61
1.44
1.24
1.29
1.37
1.76
2.13
1.55
1.25
1.42
1.17
1.15
1.14
1.12
1.21
1.30
1.14
1.26
1.19
1.19
1.06
1.15
1.10
1.20
1.33
1.12
1.05
1.06
1.11
1.10
1.08
1.12
1.06
1.09
0.98
1.07
1.08
1.12
1.04
1.10
1.09
1.05
1.09
1.09
1.10
49.38
1.02
1.11
1.06
1.05
1.24
1.08
1.26
1.26
1.20
1.41
0.99
1.02
1.08
1.01
1.04
1.07
0.97
1.05
1.00
1.03
0.99
1.04
1.03
1.06
1.20
1.06
1.03
1.07
1.02
1.06
1.28
0.99
1.00
1.10
1.00
1.00
1.04
1.23
1.00
1.05
1.01
1.09
0.98
1.04
1.02
1.08
0.96
1.02
1.03
1.10
1.00
1.01
1.01
1.28
0.99
1.02
1.03
1.02
1.01
1.06
1.06
1.03
1.03
1.01
1.20
1.30
1.31
1.23
1.02
1.07
1.05
1.03
1.03
1.37
1.07
1.00
1.03
1.06
1.01
0.97
1.14
47.94
0.98
1.03
1.02
0.98
1.00
0.99
0.99
1.02
1.19
1.04
1.06
1.11
1.06
1.00
1.17
1.00
1.07
1.01
1.02
1.02
1.01
1.02
0.96
1.01
1.25
0.98
1.00
1.02
1.06
0.99
0.97
1.01
1.09
1.01
0.97
1.00
1.02
1.03
1.16
1.02
1.03
1.03
0.98
1.00
1.02
1.27
1.06
1.06
1.01
1.08
1.05
1.02
0.98
1.08
1.21
1.01
1.03
1.25
1.25
1.15
1.61
1.09
0.98
1.02
1.09
1.00
1.04
1.07
1.03
1.01
0.99
1.09
1.09
1.05
1.04
1.37
1.03
1.02
1.02
0.97
1.08
53.41
1.19
1.37
1.45
1.11
1.13
1.22
1.06
1.11
1.16
1.27
1.50
1.18
1.47
1.29
1.09
1.14
1.24
1.18
1.06
1.11
1.04
1.09
1.08
1.12
1.09
1.13
1.15
1.16
1.45
1.27
1.59
1.20
1.05
1.16
1.13
1.09
1.13
1.07
1.13
1.10
1.11
1.11
1.32
1.11
1.09
1.12
1.10
1.16
1.41
1.45
1.46
1.26
1.22
1.16
1.26
1.35
1.28
1.36
1.34
1.67
1.59
1.88
1.64
1.62
1.55
1.95
2.04
2.14
1.66
1.66
1.71
1.30
1.06
1.04
1.10
1.18
1.25
1.11
1.18
1.37
1.39
47.19
1.11
1.15
1.07
1.06
1.13
1.08
1.07
1.03
1.17
1.07
1.04
1.25
1.34
1.23
1.30
1.12
1.05
1.05
1.04
1.14
1.29
1.35
1.23
1.18
1.04
1.03
1.08
1.07
1.15
1.03
1.10
1.07
1.05
1.05
1.08
1.13
1.11
1.35
1.21
1.04
1.08
1.02
1.07
1.03
1.03
1.07
1.10
1.01
1.04
1.09
1.14
1.06
1.03
1.32
1.11
1.28
1.36
1.21
1.32
1.27
1.04
1.09
1.07
1.05
1.02
1.12
1.03
1.00
1.05
1.10
1.02
1.08
1.13
1.36
1.03
1.09
1.07
1.11
1.04
1.12
1.08
46.77
1.38
1.07
1.13
1.07
1.14
1.05
1.18
1.12
1.09
1.09
1.07
1.15
1.03
1.05
1.12
1.20
1.04
1.17
1.05
1.13
1.08
1.05
1.01
1.20
1.09
1.06
1.02
1.29
1.03
1.02
1.05
1.12
1.07
1.02
1.06
1.15
1.06
1.09
1.10
1.06
1.54
1.40
1.62
1.27
1.12
1.04
1.10
1.08
1.04
1.06
1.18
1.08
1.07
1.14
1.05
1.04
1.10
1.14
1.38
1.22
1.23
1.09
1.11
1.05
1.03
1.13
1.08
1.05
1.13
1.06
1.18
1.07
1.12
1.02
1.03
1.05
1.08
1.04
0.98
1.32
1.07
47.70
1.39
1.13
1.18
1.13
1.09
1.11
1.21
1.10
1.12
1.07
1.09
1.07
1.08
1.09
1.13
1.02
1.07
1.25
1.35
1.25
1.59
1.26
1.09
1.11
1.06
1.14
1.06
1.04
1.09
1.11
1.05
1.09
1.07
1.20
1.20
1.03
1.07
1.05
1.02
1.07
1.01
1.07
1.02
1.04
1.04
1.28
1.09
1.24
1.32
1.35
1.20
1.00
1.08
1.04
1.02
1.01
1.11
1.00
1.01
0.99
1.08
1.01
1.00
1.06
1.07
0.98
1.04
1.00
1.28
1.02
1.01
1.02
1.06
1.09
1.02
1.04
1.05
1.00
1.01
1.02
46.93
1.06
1.10
1.01
1.04
1.04
1.06
1.00
1.02
1.20
1.08
1.21
1.04
1.08
1.09
1.05
1.03
1.05
1.15
1.02
1.04
1.02
1.07
1.13
1.00
1.04
1.11
1.02
1.04
1.08
1.03
1.01
1.01
1.01
1.06
1.21
1.11
1.01
1.06
0.98
1.00
1.00
1.06
1.00
1.09
1.00
1.08
1.02
0.96
0.98
1.06
1.28
1.04
0.99
1.07
1.04
1.00
1.00
1.00
1.05
0.97
1.08
1.02
1.09
1.04
0.98
1.04
1.04
1.02
0.98
1.25
1.26
0.99
1.09
0.97
1.05
1.04
1.04
1.05
1.08
1.00
1.01
45.48
1.01
1.05
1.00
1.09
1.08
1.01
1.06
1.06
1.00
1.08
1.00
1.18
1.20
1.25
1.07
1.31
1.00
1.07
1.01
1.17
0.99
1.06
1.03
1.03
1.04
1.14
1.09
1.09
1.00
1.06
1.04
1.18
0.96
1.00
1.06
1.02
1.01
0.99
1.00
1.08
1.01
1.04
1.03
1.09
0.99
0.97
1.18
1.09
1.01
1.00
1.01
1.01
1.03
1.05
1.19
1.06
1.01
1.01
0.99
1.27
1.24
1.35
1.38
1.07
1.24
1.22
1.07
1.01
0.99
1.01
1.02
1.03
1.00
1.00
0.99
1.06
1.03
1.05
1.03
1.07
1.08
47.88
1.08
1.05
1.01
1.04
1.21
1.08
1.00
0.98
1.04
1.05
1.04
1.03
1.15
1.29
1.08
1.05
1.02
1.04
1.01
1.02
1.00
1.00
1.13
1.29
1.00
1.19
1.07
1.02
1.10
1.25
1.17
1.01
1.00
1.05
0.98
1.22
1.03
1.06
1.06
1.08
1.12
1.06
1.02
1.00
1.00
1.05
1.04
1.01
1.02
1.08
1.11
1.22
1.02
1.04
1.21
1.28
1.16
1.32
1.13
1.06
1.04
1.07
1.03
1.07
1.03
1.05
1.01
1.04
1.00
1.08
1.00
1.25
1.03
1.07
1.04
0.99
1.02
1.08
1.05
1.04
1.03
47.53
1.05
1.00
1.05
1.02
1.09
1.01
1.07
1.07
1.07
1.07
1.03
1.09
1.10
1.02
1.00
1.04
1.08
0.98
1.03
1.00
1.04
1.15
1.00
1.01
1.05
1.04
1.00
1.25
1.34
1.18
1.30
1.05
1.06
1.05
1.18
1.23
1.07
1.11
1.01
1.01
1.05
1.04
1.18
1.07
1.06
1.09
1.03
1.08
1.12
1.22
1.10
1.06
1.08
1.05
1.07
1.20
1.05
1.01
1.03
1.04
1.03
1.01
1.01
1.02
1.02
1.00
1.04
1.02
1.21
1.28
1.05
1.05
1.02
1.00
1.01
1.04
1.05
1.03
1.08
1.34
1.50
93.68
1.30
1.03
1.04
1.06
1.02
0.99
1.02
1.08
1.11
1.04
1.04
1.20
1.08
1.13
1.03
1.06
1.01
1.14
1.01
1.06
1.01
1.03
1.01
1.04
1.10
1.01
1.21
1.06
1.02
1.21
1.00
1.06
1.05
1.06
1.05
1.17
1.01
1.01
1.10
1.11
1.05
1.02
1.02
1.28
1.02
1.03
1.05
1.13
0.99
1.06
1.02
1.08
1.03
0.98
1.00
1.10
0.98
1.18
1.22
1.32
1.16
1.38
1.11
1.10
1.07
1.00
1.12
1.01
1.02
1.02
1.06
1.03
1.04
1.03
1.05
1.04
1.02
0.98
1.00
1.08
1.01
47.39
1.05
1.03
1.04
1.08
1.01
1.03
1.08
0.97
1.02
1.02
1.13
1.04
1.06
1.19
1.37
1.29
1.12
1.34
1.04
1.03
1.02
1.09
1.05
1.01
1.00
1.20
1.10
1.01
1.03
1.10
1.02
1.00
1.00
1.05
1.01
1.00
1.06
1.07
1.07
1.27
1.01
1.10
1.03
0.97
1.16
1.31
1.26
1.18
1.19
1.10
1.21
1.13
1.17
1.10
1.13
1.28
1.09
1.30
1.01
0.97
1.13
1.02
1.06
1.00
1.09
1.04
1.02
1.17
1.06
1.02
1.00
1.09
1.10
1.04
1.00
1.02
1.42
1.02
1.00
1.07
1.11
46.89
1.04
1.11
1.26
1.43
1.11
1.29
1.02
1.10
1.02
1.01
1.04
1.11
1.12
1.16
1.28
1.06
1.00
1.10
1.23
0.99
1.03
1.05
1.08
1.05
1.02
1.03
1.27
0.98
0.98
1.02
1.19
1.04
1.02
1.02
1.01
1.03
1.04
1.06
1.09
1.12
1.02
1.03
1.02
1.04
1.01
1.17
1.04
1.08
1.01
1.01
0.99
1.08
1.03
1.01
1.21
1.10
1.02
0.98
0.96
1.07
1.01
1.01
1.02
1.38
1.05
1.02
1.03
1.05
1.16
1.30
1.35
1.14
1.16
1.02
1.03
1.02
1.02
1.04
1.02
1.11
1.06
47.57
1.03
1.10
1.02
1.01
1.17
1.02
1.02
1.02
1.02
1.01
0.97
1.06
1.09
1.17
1.02
1.02
1.00
1.06
1.08
1.01
1.01
1.00
1.03
1.11
1.00
0.96
1.01
0.99
0.99
0.97
1.08
1.00
0.97
1.03
1.03
1.04
1.13
0.97
0.97
1.05
1.00
1.16
1.25
1.25
1.18
1.11
1.05
1.00
0.99
0.99
0.99
1.07
1.18
1.01
0.98
1.03
1.00
0.99
1.00
1.09
0.98
0.98
1.04
1.03
0.98
0.95
1.04
1.08
1.14
1.05
1.01
1.30
1.17
1.08
1.03
1.02
1.00
0.99
0.98
1.07
1.03
136.23
0.99
1.00
1.01
1.07
1.00
0.98
0.98
0.97
1.02
0.96
1.01
1.11
1.08
0.96
0.98
1.00
1.03
1.00
1.01
0.98
1.06
1.10
1.04
1.00
1.03
1.02
1.06
1.12
1.02
0.95
1.12
1.00
0.99
1.04
1.18
1.00
0.97
1.02
0.98
1.15
1.06
1.09
0.96
0.96
0.98
1.00
0.99
0.99
0.99
1.24
0.97
0.99
0.99
1.02
1.02
0.98
0.98
0.97
1.07
0.99
1.00
1.02
1.06
0.98
0.99
0.97
1.06
0.96
0.98
1.23
1.04
1.01
0.98
0.99
1.01
1.07
1.02
0.95
1.01
1.03
0.98
206.31
1.41
1.25
1.29
1.45
1.44
1.27
1.15
1.05
1.10
1.04
1.02
1.22
1.23
1.49
1.66
1.52
1.58
1.62
1.07
1.08
1.09
1.45
1.12
1.19
1.06
1.18
1.14
1.29
1.04
1.39
1.15
1.06
1.21
1.83
1.39
1.37
1.59
1.35
1.18
1.24
1.75
1.67
1.86
1.82
1.40
1.33
1.22
1.12
1.36
1.24
1.46
1.55
1.47
1.50
1.39
1.49
1.64
1.51
1.33
1.47
1.72
1.61
1.45
1.52
1.61
1.48
1.46
1.59
1.26
1.22
1.29
1.44
1.97
1.59
1.32
1.44
1.27
1.20
1.30
1.39
1.20
213.24
1.04
1.05
1.16
1.18
1.09
1.12
1.17
1.19
1.09
1.40
1.25
1.22
1.28
1.52
1.69
1.16
1.26
1.03
1.01
1.04
1.06
1.15
1.25
1.72
1.59
1.46
1.25
1.13
1.17
1.33
1.19
1.17
1.65
1.35
1.49
1.59
1.39
1.55
1.43
1.37
1.54
1.32
1.13
1.19
1.57
1.24
1.15
1.06
1.19
1.16
1.23
1.34
1.46
1.24
1.39
1.62
1.13
1.01
1.67
1.32
1.81
1.31
1.63
1.26
1.19
1.35
1.25
1.27
1.60
1.39
1.11
2.01
1.11
1.05
1.06
1.20
1.05
1.25
1.23
1.05
1.08
157.20
1.15
1.19
1.19
1.13
1.13
1.21
1.20
1.10
1.12
1.13
1.26
1.17
1.25
1.21
1.12
1.26
1.17
1.23
1.30
1.21
1.33
1.12
1.13
1.10
1.16
1.22
1.17
1.14
1.17
1.13
1.12
1.24
1.25
1.36
1.10
1.17
1.18
1.17
1.18
1.18
1.10
1.13
1.14
1.12
1.12
1.15
1.23
1.17
1.51
1.19
1.43
1.23
1.19
1.16
1.17
1.13
1.13
1.27
1.16
1.13
1.37
1.23
1.20
1.24
1.14
1.17
1.19
1.38
1.45
1.20
1.39
1.24
1.28
1.26
1.19
1.11
1.12
1.16
1.15
1.10
197.29
1.49
1.39
1.44
1.35
1.61
1.32
1.39
1.26
1.17
1.29
1.44
1.47
1.32
1.36
1.16
1.17
1.19
1.37
1.42
1.23
1.27
1.19
1.26
1.33
1.29
1.34
1.18
1.21
1.10
1.21
1.22
1.13
1.35
1.11
1.23
1.13
1.17
1.15
1.15
1.14
1.14
1.26
1.19
1.18
1.12
1.12
1.14
1.35
1.29
1.18
1.31
1.11
1.21
1.16
1.15
1.21
1.16
1.16
1.19
1.17
1.23
1.15
1.14
1.15
1.09
1.14
1.43
1.18
1.14
1.08
1.14
1.16
1.15
1.19
1.20
1.12
1.14
1.17
1.11
1.19
1.23
206.92
1.14
1.27
1.17
1.27
1.25
1.22
1.21
1.10
1.11
1.17
1.17
1.11
1.23
1.16
1.26
1.12
1.11
1.18
1.12
1.21
1.12
1.16
1.26
1.10
1.29
1.13
1.08
1.13
1.12
1.19
1.19
1.13
1.20
1.18
1.15
1.36
1.17
1.08
1.11
1.12
1.16
1.22
1.18
1.14
1.12
1.14
1.17
1.11
1.41
1.19
1.13
1.40
1.10
1.23
1.25
1.11
1.18
1.16
1.14
1.16
1.24
1.22
1.12
1.10
1.11
1.26
1.13
1.12
1.14
1.13
1.53
1.14
1.12
1.16
1.25
1.28
1.11
1.22
1.14
1.10
1.26
49.71
1.13
1.08
1.19
1.16
1.09
1.16
1.14
1.16
1.13
1.18
1.17
1.16
1.15
1.15
1.24
1.13
1.27
1.15
1.14
1.12
1.11
1.14
1.16
1.31
1.40
1.15
1.15
1.12
1.08
1.24
1.19
1.25
1.30
1.09
1.13
1.10
1.17
1.14
1.32
1.15
1.27
1.12
1.12
1.13
1.12
1.12
1.20
1.19
1.12
1.14
1.16
1.16
1.12
1.20
1.41
1.08
1.12
1.12
1.16
1.17
1.23
1.13
1.26
1.13
1.08
1.15
1.13
1.21
1.07
1.13
1.10
1.10
1.15
1.14
1.49
1.16
1.15
1.19
1.14
1.13
1.17
194.09
1.24
1.16
1.12
1.15
1.13
1.09
1.19
1.19
1.11
1.13
1.13
1.15
1.09
1.11
1.23
1.20
1.25
1.13
1.12
1.13
1.09
1.23
1.13
1.17
1.18
1.15
1.07
1.37
1.24
1.21
1.18
1.16
1.13
1.12
1.20
1.18
1.10
1.29
1.10
1.16
1.13
1.44
1.18
1.11
1.22
1.11
1.14
1.15
1.14
1.16
1.13
1.25
1.18
1.13
1.10
1.06
1.13
1.13
1.47
1.10
1.12
1.17
1.09
1.12
1.17
1.22
1.13
1.11
1.13
1.09
1.13
1.14
1.31
1.10
1.07
1.17
1.11
1.16
1.42
1.25
1.10
145.77
1.07
1.10
1.28
1.17
1.05
1.11
1.14
1.05
1.14
1.20
1.11
1.08
1.12
1.12
1.08
1.11
1.20
1.11
1.05
1.11
1.10
1.10
1.12
1.23
1.09
1.16
1.13
1.25
1.12
1.15
1.29
1.24
1.34
1.55
1.43
1.15
1.14
1.06
1.94
1.59
1.61
1.60
1.08
1.12
1.15
1.45
1.97
1.60
1.17
1.07
1.10
1.13
1.25
1.13
1.13
1.14
1.07
1.33
1.13
1.11
1.11
1.09
1.12
1.11
1.10
1.24
1.24
1.11
1.09
1.07
1.15
1.16
1.09
1.26
1.10
1.07
1.07
1.15
1.35
1.13
1.24
97.74
1.14
1.07
1.15
1.04
1.18
1.13
1.10
1.07
1.16
1.04
1.07
1.14
1.20
1.08
1.07
1.10
1.15
1.09
1.13
1.22
1.11
1.07
1.13
1.30
1.03
1.14
1.35
1.15
1.11
1.09
1.09
1.14
1.08
1.17
1.11
1.09
1.27
1.24
1.17
1.13
1.12
1.09
