150.67471103526134
184.64946461919521
243.96843612733704
263.0355719387613
289.10599190849416
283.5641291903736
261.349682181417
270.8905350484093
290.36651670839376
273.3077537127223
266.639299245618
247.7349959701786
192.68587766277122
278.03271529594434
250.79923416613062
214.04845089088684
234.5000424724788
233.82958224052817
236.85157983709462
260.3951593362457
249.77076834592137
280.33275832956724
259.65095541807773
248.13987366362497
275.1898311052178
243.8543787901146
219.41789012365456
244.60483588202987
280.41697508458935
251.61727859979214
274.1376441848483
245.36666958485554
163.88755372755622
261.83227768566337
269.46937978352696
210.9236300641774
258.2054145651954
281.46822449011273
265.68790356565233
246.1055132797115
240.82533377029407
248.91124815776044
222.851555636212
235.88086872176356
250.42916902628792
263.49904671570016
254.55958078479026
227.41271211633543
231.38258990344804
276.3317079840009
257.4451866625699
271.07808349081193
230.08719328485478
281.8859601609053
240.20151120367163
273.2464164443347
265.802905223919
287.62435847591877
275.65761681040317
285.6451241448958
279.08337606441745
249.00795940011017
261.4219606760677
263.1990836120434
244.2666167714325
281.24437462940773
279.90012137981836
293.15549433779756
299.6139118148664
271.878833789311
290.68903983280563
286.8514434889986
295.93392262403415
298.3789184954703
279.0811526340788
296.6547358415465
283.43123346398085
278.96584574344246
288.3445807080357
303.6325558586334
276.5004543701768
281.6585673717304
298.96537561969126
295.31414657274127
301.5995910612823
311.73889647912654
298.047914831791
299.50666093023966
299.0524840876271
307.4300921125881
306.38216502233337
284.63712898450325
285.7533377192993
285.9991797442567
274.70666913346406
295.4316595964206
303.80839831894673
302.2178408264204
301.67379517713135
294.66501002306705
298.02126964000655
300.66771129058924
283.8495564751371
295.1748460147134
301.14230393198636
301.56039813823577
295.729809394422
302.24104869132924
289.394326497989
299.09427397116747
289.53020934308387
290.07744843391686
310.95723197803306
295.3952614792102
295.85662607710884
299.33629618463436
300.9923673281856
310.7691448447462
298.28799253976626
306.61029620099066
293.40943204680667
300.9734609091604
285.8037882265251
301.5633741063811
288.5984418172769
300.8251005778995
300.08305014406835
303.31676041009536
300.5075819926721
277.3529007109135
292.2545975882387
298.1078038588165
301.93391497375217
290.68202441490143
293.41276587322943
284.95316045245283
302.59800198161787
296.8372964632831
300.6558617096413
293.8518603034937
295.13137856636314
311.2171740702791
302.1770003051008
291.3627745624363
293.5965634175176
294.60667735801775
294.6818112387651
293.9351413037726
297.58326061111376
294.8427993716676
287.2742231553826
300.1308743157983
304.85728607343754
296.1498651152537
302.1606298681563
291.0185254565088
289.2183673504192
285.6842429571298
286.75606495144683
288.381644096393
285.2868376716766
297.33502952397396
305.92337307925874
316.2991774976334
317.3974580230943
300.61264219675286
297.681771716994
300.3746797191205
308.7306260272125
303.0659197722768
298.20975221144107
302.51714392586155
290.7150441380384
298.1921396444086
289.57719643501594
292.29747181472044
289.72778526780775
289.7312570085042
309.9500344870642
312.4119567640057
314.86044510783955
309.11437745998336
311.5047783119568
313.8514065862059
308.43350199511934
301.2121019862574
310.63654191701687
295.3620067787444
309.39504461903016
314.53018953543386
311.26937824935584
314.988425431053
294.0692713832421
300.854181183434
303.1768865236733
307.0480478056316
306.3921507553078
291.2712962954977
286.9484411335915
284.692779203515
304.2502430642445
295.5141060765167
293.50222076761054
297.27879192634555
290.96241294963704
291.08401669493924
295.8972311539199
298.95148449829634
298.3294281173231
295.5084928748725
307.1513945856284
300.83597712703437
300.91618362420405
319.23632332495896
314.0958189040492
295.7897014997441
292.97870925051336
292.1767136563349
295.1411096933013
294.23903537717507
289.010968252968
287.25984488080735
291.7191016481567
297.2269322931453
299.7800056628257
302.8015790960563
300.9278969084185
297.0967526089845
285.81120810039346
301.46610704662857
288.73348989040375
296.16059604507234
307.7907616322199
286.1937134935425
298.7510963281524
305.4066554927882
306.49615406064237
298.2257036562605
284.0487383849882
295.62434829372353
295.81125933690305
300.9285487465651
310.975813171406
307.1859575692868
308.2664502545146
305.55232973064597
305.9698933534086
295.6464289158035
296.47429799442637
306.65793787167854
301.17036497430917
306.7025451813397
298.80589478147334
304.8432092288441
300.5111166960457
294.18490516518426
300.9159081289935
296.5217674465894
300.7516871732887
289.86505151655433
306.2024145187538
291.7439763989127
301.68530957765097
295.9864506545346
291.8342844542957
287.95892942223014
286.98122161636695
295.3866698630734
300.7241336737045
299.3819965211033
313.518720136465
308.98016756984543
302.5639224899173
316.86685823396596
308.0309401774394
302.1545676065625
315.1543452862067
315.0776472884135
304.57214185679754
294.8450769163167
298.11321444618346
298.4592354422208
313.0705239585795
298.3704809990437
308.6562167446307
298.2327332271359
306.29321260718604
316.60544049049383
311.033228959474
324.28554220698254
313.66975280012736
305.65395098112185
282.4173314102054
276.6955351021823
286.3504191676685
287.32662072468975
281.0458648809364
282.1853198541511
282.6760770818548
296.74552750018273
295.0961583295276
291.7878142089456
301.4557435761121
297.8717076123494
299.7225188822723
300.3416421789534
304.86715323316565
301.6185743543594
308.8273021042092
306.14014228824345
307.6160094072183
313.8472815069492
305.3863025602
293.87134861222916
300.859463054522
295.46710383781283
287.6462555324369
290.40675680417814
290.39629238564015
282.00160540888146
282.8718193523225
293.3539573155729
297.0605158564627
292.86152734029093
296.68648219616944
292.0384973584011
294.5934676493303
287.0550365516536
292.6189179879759
286.6331351054658
283.66963521272606
289.02462641755267
277.3812818934041
277.90821940532277
281.7022755858448
290.3395371765243
291.3407461071876
296.9187862902173
291.7320674315617
296.0378242976109
289.4659538262654
286.36057230392043
290.62840119703975
278.44658155628736
286.18376788426946
291.00403616792977
299.76639918162454
287.08165612009833
286.57072617048846
293.75889883652326
294.8268807406753
292.7695578493227
294.51319897118157
296.7370021972501
293.56370745382833
296.2992827423253
296.0487812392215
284.69472986977223
281.21238108894426
283.8079718790531
284.9855988932407
292.37378081520774
295.8834253787807
288.22826573256
280.97426383834807
288.1541983634343
287.2845370720271
283.0311966692048
281.98813165700784
283.2762347830175
290.67208316344954
286.4920336770253
289.5586349128997
282.9725826558466
273.883457744677
277.840009678143
277.78219529012813
286.8407099634373
287.31626289987315
290.0644346730915
288.38883872388897
285.38836719523965
289.04276360340947
293.88239863299447
285.1900344464494
285.9011827359331
281.29415280753807
287.62641687062825
288.5175435330291
288.79375862464195
288.69113993977453
297.4911618677707
296.41568340895947
296.35580778032113
303.6496683394335
294.34007306969335
296.10457936532526
295.3230620159345
295.18169116350504
275.4589088400035
290.5192711503015
288.89196659567745
292.8160331330618
292.3318669623269
295.9562083805941
292.5753084138172
292.9287575878955
300.9391044917469
298.3844740854522
298.76092319117475
287.93651908012646
297.2121597299801
295.2702087223962
300.6615394371952
296.6063800082508
297.2381459405117
298.1298000897298
293.03147530242364
294.19461180224084
297.1766803208907
293.0972829174363
293.53830875843653
293.13644533766814
297.0359679503543
296.32364044544823
295.9277898933229
297.0833969989442
303.63125918547706
306.35680894239323
304.6377843892892
307.1640974027895
304.30476809083865
303.0116889318787
295.51462269329164
286.9202718608747
296.2203848893792
309.7846582322602
314.45169391563434
307.27121829565544
313.767182248104
310.78163864027283
310.3332374904164
305.0587565818587
304.44110061011895
312.04658570029335
302.66928700655035
307.17321005587644
307.52534508758765
302.4096033017062
302.2408289646093
293.2987421689967
293.4951730075561
294.72216819968276
294.6697806001849
286.89054028204725
288.5872259948161
282.8088756194191
288.46787408500927
296.22759874710147
282.9033368796947
286.6566095757272
282.5384096568578
278.5347231487578
278.0577659946231
290.532545109863
285.3139806388872
283.4224689573269
287.47273009410816
295.8445977413166
291.5358941305503
295.70873411393546
293.9861826241661
301.8206916919957
290.31395601116213
290.56139712688423
288.37875163500155
286.10891218737004
283.5496245320526
289.52143501415793
287.8527498320709
279.615820049107
281.4081964538566
274.5842255970948
280.62816936027497
288.16008170007365
292.13257820565195
297.88998324844107
300.52612567728437
288.36203870126195
306.5102914812254
309.67979177808684
296.7314585661536
300.89302679908735
285.64518674473976
288.60001366091683
287.8702374746017
288.3099053344668
293.84441026978465
290.46885164167986
292.5826950020591
301.60781996867536
300.72367013281513
295.1916715482236
296.45312902481277
290.2409910687454
288.121246780962
294.81885773616295
298.1871794082496
294.8282661737919
295.8321402475317
293.37132050448895
298.17838582730496
308.90316445962367
308.08953686001746
306.9203408586047
307.2561154052404
306.2225614724097
304.9921938451106
307.60010898723095
302.7003330073192
298.16174586762406
301.96693961893834
309.74213859643993
310.39140579229695
301.22624826344787
307.01433440534845
299.90500657607026
297.55629415797597
295.0088366622387
303.83534167443037
306.7040437006224
302.2886969853426
305.1708303753518
309.773275810421
306.53231269718947
299.7584516354217
312.8919394603797
306.3451989021043
303.38462569011983
298.33859229054616
298.906524149535
302.673052381136
304.3554765190823
297.7933601738607
305.65838910344365
299.0672108523271
300.076720867287
302.48697113264046
308.46750384580247
308.6477533644558
311.68727936886387
306.2572315053754
309.4284223763676
307.0340268444099
313.6841893792248
303.1122763665876
300.367655728639
305.39189011382774
308.23914750343374
308.2611597456818
304.21246100284
308.52910556726994
306.85113501156445
304.15302923104923
297.76608310454844
303.72564034866895
295.3765155416371
299.23979428125347
295.4118750191084
294.4508713263299
293.50980498224067
299.20046081853826
302.546811385339
304.7819658065793
310.30666361836177
306.98939221824463
318.1976643262316
310.5967657617259
301.9503586299456
303.024489175028
309.0872073454808
303.7023101280234
290.5005021430893
298.8796575162735
299.7518534501081
304.54307673267175
309.5659726808235
302.1228926008355
293.3136166574666
289.84076886609375
296.3368800756588
295.7587221295608
298.5273063411894
302.0082254887493
305.34131747940637
300.3260821224741
304.91769644883914
311.091920750855
305.21569987816065
306.300063439616
305.6380630213955
313.07708667965477
304.74509105118403
302.45334967142554
298.3943520617019
305.12690115701446
298.8943930268965
309.37591516360214
314.25806643863916
320.6333519018608
318.19996756621987
325.1269306713847
337.08838303136156
330.79538958784485
328.81629810664236
316.71680506005623
314.78210956074224
318.63085937304714
319.943780878293
318.9394398296068
315.2521809877016
326.3810629454669
322.48829392066466
326.3072954674043
334.0500132911896
320.87764576088017
317.1302280920121
319.4354928233692
320.4901354013215
320.28298368787995
324.9761531440264
322.329592796704
313.1395907116616
318.9201900126438
314.809093044301
321.9694596736631
331.30256173519916
333.64873399906895
321.21401239455395
330.5265950826221
335.81490350941596
335.4307380612089
329.93461885752146
323.3729098097433
325.56243924093815
326.37856589225044
319.54856110812136
316.2634495778121
324.23686335253956
329.2647644378809
329.99333538278677
323.72969408399456
318.706995222093
318.0003255253416
322.0919142252595
320.7386372335143
321.421678304358
323.95216851145295
324.3107017659623
325.969199933742
323.1844798361533
324.6572994514694
324.4798768011186
312.7605839084942
319.21718716856043
316.7307908106207
316.21646755921995
306.8936209920909
310.2586512535679
310.16668520175534
306.7283750658789
298.2411813501024
313.7307853060148
301.05056127919516
300.21595422100364
307.1580061920042
309.835137246856
308.0602070099813
312.6166029269725
320.7521683270344
330.18916215647823
320.46351669825145
319.04674380744297
328.7295338876691
323.43349234538204
324.7813537182612
317.21139652265975
322.86586485682017
311.00297927582454
305.4763797494604
300.9731870090079
293.97947121813206
300.4562627004547
294.19847304647345
300.16313397396647
295.0319106856734
297.3364555824355
296.99024728987115
295.0935065761077
304.9417858579192
309.7954143842001
316.0678960601441
318.04453039596024
326.04590018209524
327.874025251934
316.1033578127668
299.7169617236874
305.26594205734204
305.03029349391323
312.71450415139657
303.6212410426775
309.5369637926499
317.06302579626373
318.69531489246634
312.50270563994
320.4002938424211
307.63757494401244
314.92475123540436
319.24776905099884
314.4140470449078
310.5499810130379
319.9129300878333
325.45593386761533
328.771741918211
333.8445952339549
328.79074740415194
326.7560078050318
319.4503924558839
323.21843799634655
321.4783477946431
313.8459636909594
313.53349085820304
310.45396710021674
305.03066571865685
314.49189072680497
314.8487598972886
307.8465423392852
316.04074290427286
316.24611654836923
317.38476397175174
311.81756445790535
315.1648640859623
314.2272446971607
310.32186890708795
301.2884638116106
294.7712540973195
301.04902769701783
295.7105251470073
299.90161924784655
295.69327542443926
294.4440930445642
298.9338230686225
300.3427930970565
298.21171161473035
298.7947025913551
301.08411164274344
294.4953163194074
299.1466137716535
307.0533672716112
304.0720896645725
298.1673858796166
301.20214988807135
302.113440578082
300.10545738183873
302.9052249344466
305.3215558048671
300.7916470002647
302.235434460545
300.5334182514177
311.0446613251846
310.25808947998917
312.1945982724355
314.7319385014388
317.25007786183687
317.2156490856823
316.619788550504
310.0590254754866
318.6437960913228
316.6992968252712
309.33830825316886
316.36194753924224
315.8886414244854
305.70872544134204
304.1905989712959
312.51275998811406
312.63013250673913
315.15297608012605
318.7144915031628
315.74846599546765
303.5346675846909
310.4144860927471
304.00347036120985
300.875436115038
300.61570718473
305.04662044136165
302.60613882629974
307.38739326965054
311.7368659063531
299.1321563244857
296.1173539464163
300.1043217696099
297.00290881856296
299.6043792257631
306.214377822611
304.8697383072246
311.20826965166174
309.859691296428
301.73694732685374
309.04351548918726
303.19556641040464
307.3800544071723
306.5396650122853
311.22906123570937
308.4590518533284
310.2585863121114
302.7424575771693
305.32607051362123
314.7053606707842
313.5882510585158
311.7650538067546
301.5022253238266
315.86506901547745
308.11836572983435
313.0945934973562
315.15686420693874
317.37726819359256
313.80096904873614
308.6230539406532
311.4998960959834
305.0436326684767
316.17144179561217
316.8956264084406
310.4743193803884
314.44539179785085
318.11174886878575
320.92724470628866
319.040365002191
322.40724554372554
319.7760210690605
326.5147641257984
322.100400167112
318.3016569378625
316.1734126924189
311.8333343378003
310.4528890739753
309.9128588490005
307.18469808994183
310.3999738915724
307.183146150593
298.7265204827136
303.01261615100236
302.1649414538064
298.8900369310393
307.63371252756343
307.519566117025
311.51074603677534
313.46029193967905
313.09276195794655
314.22205898615545
309.2485915235445
303.4088174356494
309.2609468250392
314.6549017199371
314.08094772903297
314.0277064109026
308.2311752640594
306.50300907654866
311.6904271335285
313.0626320696808
311.4045118117926
310.8118342276317
306.83379439023525
305.76570978828414
303.4732111667869
310.33414732173355
302.99178961811526
298.4621667316039
302.2699018352745
309.9185568920357
304.30959201373554
309.48386996300445
306.59952756856615
306.0030214771591
307.219993897609
303.3967387321649
305.14956486651073
306.21305942533326
309.36880932944536
305.19928071458776
297.70942063397973
290.39539713794204
291.9623845390821
294.10258463542084
292.34099221627207
287.22152919552104
288.8126927034279
290.7085642320184
289.42683765118187
291.66375259646867
293.25594942736916
290.3591155653724
298.434748275432
302.1624788016637
303.52015178036226
306.4715806852336
311.95008279414145
309.7311737276948
313.57557755686736
311.2348242628734
308.5125213613425
307.2650316427455
311.4087080374001
304.4125539687322
298.69742180896725
295.19936980099584
299.73827898957967
294.2040564555088
288.50384463498125
290.50113254909735
288.6708325770504
291.0827433012817
289.0930767476826
289.90242674999996
294.45803325241303
300.72162377481357
298.9428769389261
301.37399344599004
298.0947381583955
296.2766944116843
290.32516149542596
291.9409699379057
289.99870555136175
297.24484864240685
296.199815448112
296.9219446140446
286.51249735997385
284.9196255313201
295.0631930716168
300.88125346227434
296.566234826003
297.9328277397746
301.31135340392234
302.20243623016694
301.20566439418457
306.9057756609649
306.75489312823544
305.33772803934005
299.1369785816968
302.33042753840414
306.64771010658455
301.7395370105499
309.24207179019675
307.91678631866546
310.47746677051623
306.3888056304551
302.52945118399407
308.3777463430647
305.5018561409463
307.5521883046923
305.3880265185293
306.6606378346937
307.8515336460786
301.8576095792898
305.0080080234706
311.9396954267993
307.96927794068745
306.67714893230703
310.78677334704577
306.8960794058039
312.5287441985332
308.2081704277006
306.1042460056483
309.0704420108391
318.1175913682355
312.8117099428695
315.1801088653082
313.5766546675542
316.0761334687924
315.18814163044345
313.284028024833
315.44441830762037
319.35572999773103
318.5596479734368
318.47311463881096
320.0222277431695
320.7055725626003
317.66934476350605
322.39794441463863
323.1983410795858
321.31814992907067
316.5010879915948
323.6756068502108
330.643613548116
328.10638737648003
325.4613133991789
324.142259529031
329.0045297873774
321.47921601638814
324.71815661170064
326.9216720479388
317.39896507623143
316.1365430385884
323.22601738696534
323.3168224921299
315.79455821605785
313.84935189917974
315.7755765551286
313.0175659216352
306.88687126954807
312.62859548520044
306.68322564795767
307.4865659371975
302.017366452803
300.58031354051025
298.25053924446985
297.16574503347266
302.7282987073792
305.6402884819737
302.986807585708
306.98819941934295
307.3024720768478
303.42551607849737
308.06163910579886
307.0974399289001
311.679256925127
309.8841444740244
307.739404582403
306.5648870974528
302.4254430282461
300.129007897008
305.6037119265529
309.2126352898145
307.79084516251817
308.97360185313914
322.1392752832899
311.98142142402855
316.97851319942845
322.8890532739987
328.07505691113863
319.13605308615354
319.52601911170984
313.8733771175921
322.20255550993807
317.32730469997057
318.45437581843584
316.09798056396966
315.32503372985127
319.1142297446378
319.4594727281547
319.62598821139255
325.2346457283968
330.4911164054437
326.4182388816208
333.34684012679094
328.5265909500273
332.7421578025229
332.9558511315233
336.3470957027315
326.7317889068993
322.86572863637167
326.01212058519775
330.5203419265329
334.337005977497
337.72145212379587
338.77414638032604
342.5044434422138
336.38303413679796
333.05294114688763
329.36621979355596
327.22040803271096
329.16004786800096
331.0750667405391
327.8619556415977
328.5328710455813
325.35839724252656
323.5705479445895
319.35107705861077
315.76267608083435
317.4059496574866
320.56174289134555
316.41970648950723
316.67101814066655
315.71142797046696
324.56143752848476
314.6859472884817
314.0972689031957
314.91880530428523
320.56294542141734
319.60284191421033
320.0503000055504
318.9388769041489
316.4690810915166
306.71150385759137
315.5584268411981
314.69250462572944
313.31389216104014
314.0935279625583
319.8041934106447
317.5157652150813
319.19815933139427
316.8513985104009
320.3837398878831
321.90918443133046
325.4882235468781
321.46282725300335
325.04350423308404
316.8478042786464
316.03385826613055
316.81678149849887
315.7346037592897
311.8129937579104
320.5818903788083
316.47549286202974
314.1589275156591
309.2621708711226
318.9749843122187
316.8788365203869
320.50953853803446
312.1402247474677
315.0113594161383
318.38960986575825
324.3005944266811
317.265646157988
313.24880829733826
312.9749920486729
313.8824406648989
315.96433551076404
312.39289075817703
310.5726531979076
309.0603292032091
309.57030286441716
310.6157804646578
306.0765598358889
308.64705310558986
308.9671401200483
306.44451478679895
307.05752124156527
308.5304795377945
308.48684525184615
305.39953443066673
316.90267348295276
313.4430021215646
315.6494746057436
315.98265340886604
310.87949718434646
301.9303168027107
308.4225460140936
300.43529542788235
307.8157585697806
303.9844311123554
307.41715702545525
303.50968489055094
307.7090974378913
303.5837628174521
304.8122221921863
304.7336027249231
304.89362727955756
305.1919073033986
306.69638420161675
304.713598442805
304.45072184089975
300.3939500910084
306.5871891907245
300.6593687826764
305.011838026143
306.0993915419314
305.54804907510606
306.4510104869575
302.97492245346405
308.57161110721904
308.9086901184027
300.8844386407705
305.3239676629802
303.65674122792996
304.2496273275207
303.6252607906055
296.6067431093665
303.0710483132511
300.3517835036361
300.49473783878136
301.78150156462533
299.58153617050976
306.425204067446
303.62953081326305
300.7441509026277
302.1605059431056
307.553984959896
306.10063082188316
303.2512690870422
299.59409187909654
302.8841818807706
304.9955840738691
300.76839770229145
297.9205398718089
300.2219523743878
303.05175704094546
312.99426002719935
308.97314370685325
306.8118270279253
310.0183357483169
303.44428602152885
312.522837656587
309.64396208311945
309.60312959976875
310.2572731572259
318.5268347272565
320.88619886853377
320.2161351565408
316.24367560602377
315.64565170522087
315.8103139530658
319.0247376807492
319.60809221787605
317.5671865776744
317.0445711078243
315.0975145161796
318.68959530318295
320.50614839612535
325.4696502481063
321.3732358855958
327.92640765855975
323.78536846003925
321.7293593534227
323.62237611659236
322.1731338669984
315.4910413528695
315.8904825314567
321.406010087546
322.0721200123197
319.6127309630309
317.54981771744445
316.9840943362994
321.96576551018364
317.6416016125257
318.5765685765329
317.3125064988531
314.72948922149004
320.3701296914969
321.44771858736607
313.42231633416066
318.510181571544
313.80894925763556
315.6279837137159
315.93074322218973
316.8739654299304
318.9322363495785
316.93859773971985
316.163024167939
317.61708578995143
318.9067310699727
316.4856574661098
318.448229941784
317.7149463358128
322.0381465703944
318.72738963922876
320.3494210811076
313.5415160083739
317.67582663673943
316.24842778885136
317.74163452543775
309.64944517552186
320.5773629282117
320.28264990834265
318.6515127970762
316.7419545247848
315.73737438622777
313.80407742622305
309.0012319622351
311.2911120883674
314.2874407443413
316.96131112139807
320.8942377463507
317.81606290102616
317.8216279708144
317.143798624741
321.1717639371531
319.6727963872668
322.63501193094044
321.43925645234344
322.77381159527886
318.06071412275406
322.4149496754123
320.42582996114766
317.6295258927336
316.85170144917936
317.46228294079367
319.8344745580948
312.03393296598654
316.773050840139
311.89226423767116
304.20446312194207
304.7377198431765
304.9625639929692
304.43088703756666
303.26696332966054
307.5007482958589
311.167884481659
310.9135521952958
309.0267773470321
316.0310479522879
307.2995766940883
309.476327321711
308.34826521596733
314.98829557732626
314.951544638317
309.6264463826474
311.11647095486734
314.99670845544034
314.478584128324
311.66151048887355
319.22576723180737
314.22558371230593
315.3943206339491
314.14259634938406
310.43717244606154
313.3191657682785
310.36546824732284
309.0017563673509
304.2637431043787
306.6743272066575
306.5305841783148
309.639508651081
307.8810742922709
314.72327240915627
310.1511057852806
313.00970983729377
312.98738542234275
315.1519246735909
313.28731494469554
313.10775637311485
316.3540161580503
316.3999816428137
312.8975303433446
311.097175781832
310.4131989379018
315.5490648571614
312.2953427878493
311.9597147489087
308.65837545871653
316.7551081309982
314.8130218491377
311.47026529890076
305.6895036313264
305.2512220996097
310.0265389466331
311.4813565384257
311.3823210111083
311.78021638664717
301.77814200060806
305.33113851466203
303.6398956669483
305.47573722885545
300.59933677337773
304.6026917330144
305.8031550083723
301.2246193395829
299.9818852907126
295.74711968649837
296.09538601805883
302.33156547914825
304.24918258907223
302.72418261612756
303.925309372441
302.79589810680517
304.1077035198843
304.64142825303963
305.1799652269218
309.5289219223178
302.64871673359306
303.68003761678904
307.76201158037463
303.7210240982629
307.7595479296011
306.5268294015436
302.46436771113724
307.97688686353075
305.8833791210026
305.22658306976336
307.1517857087876
303.7250240714312
306.63404650603576
308.22972015926507
306.42158742029517
306.0370214173646
306.02523882695544
307.2183598030275
303.4260539280293
310.36879614774307
309.2888509653576
307.30192535335146
310.077122629939
310.1571858386387
307.45421045651335
308.6594229213023
305.16887148753995
308.9723483806178
310.2321254950578
309.3270805925701
307.05481695259846
307.86995960664905
305.4965140573252
309.39575779426843
311.1441404198108
301.1749108495116
306.4830865858291
308.1890535759754
308.1140735175159
314.1715341647429
309.3129868905738
312.3822998774966
309.85164749235594
302.8463412938668
309.15726600171865
309.9623117344946
308.08838920832153
309.8272633996735
309.2648427667452
313.69854499471734
309.06500492729083
307.3962148711869
308.3206627222536
305.7190103734775
307.44026655907305
307.43388888351353
305.8163819870505
303.7181291026324
308.53325290037037
308.7739358877146
306.4727066598828
302.7157459111614
308.011280121173
301.67413548635716
303.39992855346753
308.4618480872715
305.30752267084114
307.53580078335887
307.31130308040616
305.6527789130348
309.63026036584336
310.78054063599666
313.25432034858636
311.29264303527725
319.30910251856386
316.90188833569397
311.2717831406501
314.710344367213
317.06797576741604
318.8740400592145
319.40867950242847
317.47916247758627
319.21087011452414
318.6475898373199
317.88790849687814
311.8047548250595
314.86319928458374
308.1740034531651
313.6034510560333
313.69028621878
317.2932813759208
328.30892286383494
325.5704549272074
323.8746239312434
323.09663875159475
324.4018332957899
321.9069791076842
316.8511783982736
320.3793224161744
319.4824507005512
315.39125347378797
312.6590237935952
315.8246082242853
314.13552160847416
313.79562753611157
313.8897176986099
316.20831107779526
314.45343235256865
312.31595012864017
319.5450434619617
325.7921663556293
317.3048083110916
316.252055996775
315.58497113015164
316.2585814326885
320.7292331585091
318.4578445940115
313.19552974978717
313.6927845445864
311.860466200319
308.2224481791456
312.39616191445543
312.70214344153874
309.72822585109304
315.62966216815033
314.7995841492585
315.20890657256496
317.85995227272315
318.83889865608876
321.61124872501273
320.02039416029396
320.6214844001217
316.8080780137003
314.3592447228064
312.98516796039405
311.8383265924696
315.39259688537635
312.69596602824606
310.8192403419708
311.83083738758205
313.1979226316055
311.3760347718317
308.96567313719567
306.8567416374352
307.913552281423
304.67128182387074
302.3436692944878
304.3289295131683
298.47206485807504
296.1385779201182
294.9115925713915
294.92417773177954
291.682241524181
291.1116844133936
292.17178984452397
293.8412433607285
294.91031930666725
294.51868096399284
294.95343812528773
291.11722836876334
288.0717676732976
288.7281785866975
290.0982155078891
295.85759614414155
294.18164796710255
294.7346770963721
292.18319141019697
292.0833075226328
298.5861492595287
297.2866232488144
295.4929258021671
295.32903414300165
295.07996141756615
295.9137977350706
296.4372820255144
301.96032081456985
303.8051002183082
302.11402979161
303.50028590251094
302.4505661916121
298.4964117833303
299.45426852816274
298.85112046349025
300.2121961797327
300.21641709929656
300.5967666566619
303.30162776698506
305.4155644690205
304.69021222908634
302.43749492766227
301.6873506276886
294.32528835331055
296.78016924022137
297.80752106536704
298.8396893737899
297.3438449170004
298.7497173401829
298.3305284023687
299.3918855962159
296.5728833824931
296.4437452938702
294.78942777445883
294.4846507293623
296.92068949832117
295.2129773104621
298.1276377527328
294.3564182395805
293.9894559283503
296.0639034506285
294.28768704753315
295.23034026380117
295.9764916500236
294.9044672943692
296.1914153900067
295.5292757565098
296.3472120111018
296.88356212901317
294.56996409857794
295.11833661808123
294.19590057363166
292.44906268481134
291.0474332270471
293.0373115301836
291.44316094011594
294.7547320643485
290.1910173910549
291.83680408664594
293.7884479922574
295.3269743726207
292.93774349868653
293.5185283585198
290.80873757190744
295.76572577021045
293.58606051344583
289.43735647936
289.457773482756
288.37237440731786
289.89059012401253
287.9344499904799
289.92689447863114
289.91836121333967
289.5267470679645
291.34279572091947
291.4971321017999
290.8587773109379
290.17665386185803
288.9292479679489
288.67217757272977
286.11320162109274
288.36886368363986
285.3916141296915
286.46833880850284
290.1301453391363
288.87324993196245
288.28331607866176
288.89946769412904
288.31008489083445
290.2691624927425
288.24981854545126
290.8815883939562
284.93803658700017
283.4400692979494
284.76676153043604
283.62989077879797
284.11745228591576
285.85714495551537
284.76426824801615
281.64969528116
284.99966145668
282.20649073286654
282.41284277402957
284.03889189373433
285.4676484273672
285.29467780937244
286.0513529068503
284.75406961603665
286.39370394604623
285.19282739864485
283.8961236838609
282.92653390230964
284.1501922255409
282.28651199128194
281.852560812323
281.58692319347887
285.15890153953944
284.8293022732368
284.0066973856512
284.287205765502
282.7583810850859
282.6292140434702
280.70962777493236
283.6654632691527
282.6530063124774
280.6524834698455
284.03834745912616
283.2512204203411
284.3504134924398
284.7440652739392
285.338355745217
284.10742094510744
283.23978555157987
282.3865596394127
283.5452836078554
284.1534034445447
284.14031370070984
283.1655947352003
284.0089378175403
282.8700403117429
283.8232977110409
284.03000647651703
287.9603757179672
289.97825005467956
289.3930077904798
290.330751209814
288.44009140068863
287.04604819194344
289.6317429412308
288.2823410111775
288.5467963127047
288.21429105046724
286.8526830076364
287.4126878260216
292.2606168133943
294.91722163569773
295.3997530822945
296.22706437378434
296.30430712707016
295.6441020088902
294.50894030973933
295.66687585286036
291.8513998856955
291.1351139216826
290.14820305416777
291.8429664925886
293.9206681180816
300.46712067581973
303.24672571643555
305.8221683742006
305.8841089085213
306.6519391558391
307.54877996451694
307.2426124751595
309.27759426332995
310.01142070012315
309.5261259173422
313.8220199279585
318.3614640843014
324.4492067210392
325.1971761235203
324.38535521252857
323.2853933059534
325.085455833012
323.806824215753
324.96645815652573
325.37297613979996
322.2493170931272
318.3236149957611
318.21014616832076
317.9193579621283
310.26577953883094
310.0803659436245
310.87625961054306
310.6453255003657
309.507111766417
307.7789154351608
307.9013049999664
307.14207191773096
308.16160369720785
306.24696149102255
305.79170939209894
306.1412402480554
307.91887361409806
305.31237453206154
307.1402630896092
307.3523575972482
304.46567449083346
302.41897283117925
304.399990626296
303.91472995853695
303.787546842803
303.91169973463417
299.37810178342573
301.70592043129324
300.7905709864662
301.4934265019123
303.9312318050552
302.10290255188784
303.5940656142093
304.11960728217707
300.1999856234634
301.79294036141783
301.74813240656175
300.159478960403
300.0666486552008
302.58724324890056
301.0981133404256
300.3676168591553
299.5387825777606
303.66934030128704
302.65952655314766
302.4708348675544
301.4084127136825
302.77988143287655
305.77010000990316
302.7225075620122
303.53234246145513
304.43941723664557
304.8514087062491
304.07485989739683
303.3391135036336
306.1147413585508
300.7528125183588
300.54768493723213
301.6990554884987
301.0536143235557
300.484309877102
299.8673276012714
300.4488458591363
305.0580201929155
305.171743877902
305.8317933462203
309.02843772319017
307.033717529105
303.2826273698771
303.96381235288044
304.93846187134756
303.01141846365465
297.14428763211816
298.81714119839114
298.94632394545835
299.1042587461423
301.30214094727813
301.24128084711566
301.3912430968282
303.45090279853497
305.54641464603856
305.9052465616941
303.52761181571503
304.47604816127165
305.7782441141436
305.33020604789357
306.7877985699373
304.9939632972693
304.940355303583
303.6550103824177
300.75102388055456
300.3149287523861
299.5889810010352
301.12320817110725
300.5707185457772
301.3688131822187
301.43546922597386
307.2770100334549
310.5087626406383
308.39323210947356
310.3461059162429
311.88822622605267
310.4885015314172
311.76813641953436
310.53547578884707
311.1043941789525
305.37921019842577
307.21611409066657
303.82242858479424
305.28984709258873
305.1878152849167
306.4151533410817
305.50897250199387
303.1321781521983
303.9134427976676
304.31804556302404
307.409363352467
307.22488830369554
306.7667930767881
306.1664575730904
307.2251757405622
306.6755646735226
306.5723710238678
305.82265142020583
305.5695831655708
305.42316261069953
307.6142696080613
310.0111720176203
309.44469580469973
305.92733155152985
307.8218065681038
307.926923136285
307.33878751857753
307.6571554935752
307.383054579226
306.32585130699414
306.72077894945136
305.8592903269884
305.40441588575766
305.82146478517996
303.294828090008
304.93706343370184
305.19665650783435
304.70039867198557
304.8418663511054
306.68489209698765
304.4032106710826
304.28721808800407
304.8679563141488
304.6369086809461
304.7916136656371
303.3256626356778
305.07216692680174
304.55844642827986
304.9117435053003
304.52833033587626
303.04707860240796
307.1702877268471
309.48489974336997
312.021737361266
308.99417616827014
310.80749072971344
310.5286768716574
310.28257202463544
318.0595430481653
314.50488318000134
317.79983433292335
317.79200005165467
317.65480469928485
316.24278895513106
315.64854016785193
316.2963743413086
315.54967731116346
315.9580823963545
315.8048121180131
315.80281709151456
312.24886263192514
312.4749446385245
313.11996027698495
313.7674355624542
312.35723695674943
312.21244435111635
312.5511111991779
309.018233331461
305.1760084347545
305.74171912687603
304.61707159685716
305.7706424388194
305.24369099549244
304.5695339955021
304.19003781295487
302.33862785760346
302.59990696370494
301.55876306420026
303.9367943074422
303.51572011688324
303.22830727658896
305.2395443175442
303.1454316317137
303.03961111864584
302.13271544943893
303.81710861255675
304.44028017381737
301.8746427114225
300.3553191056956
301.5820376868869
299.71872944068906
299.51705688777434
299.57773102868254
300.26801699859266
302.37051811316235
306.61908145779233
307.6419122431859
306.41993308595676
305.51405408668563
306.26612361613473
311.64087542478677
313.4395601302199
311.8620263278038
314.3706519957609
313.2391766004387
313.1992026159124
312.8791211747034
313.8582826902238
313.38044421262623
312.7365781450748
314.49888659916286
314.0264184323602
314.2999076212833
314.26193048175963
314.30616064256515
313.9975330925495
315.77294571463455
316.0272187005073
315.7664549589217
314.51648238990464
317.00305775542665
314.7467511358747
315.09627996168564
315.36247370476264
322.06484229428514
322.1920060681285
321.11868173484777
320.48659551363284
320.29346013007836
319.23218173483207
317.3692558528038
320.2669989920758
317.76360038325475
319.2136171558638
316.21851208020604
315.5502612891621
314.7127814587799
314.6540935573465
316.225149366408
317.5453004062429
317.24565517377107
318.0342817199468
319.89524637327656
318.4660024642786
310.7277561856732
311.3236584789878
313.30032733011416
311.6550355574971
313.9034355726206
313.2737024767197
313.5915383353795
310.2815018835954
311.68655871518365
308.97932102848785
309.06835542463654
308.4740347020781
310.25838723358555
311.21279105902966
303.8332469276114
306.0552042260671
306.8790035286542
305.01617833821274
306.4024983758579
306.80044658156527
305.7458859665898
304.78137155717576
304.7338935613967
306.9362728167046
306.63785209529493
310.28319795699986
309.5159554949923
309.80695724257737
311.0406341655781
310.7455339546154
309.6394083657418
310.48990609201707
310.6561165472436
312.2673335403947
312.45469658867745
311.51524072224714
311.0404452348505
309.58568980817665
308.438284100213
310.8349371127698
310.69567564159985
310.5546398193296
309.5466248557219
312.5209386340073
309.81372646788463
312.0241397898642
313.0222249688551
310.3237769859685
311.34521613016324
309.9799831179714
307.68348043135654
307.05936017628994
306.1018681985507
307.9792315222577
307.22234728951435
309.05506255138823
308.59088377467384
309.0314315000883
309.1852123661647
308.5362983051731
311.08416760246666
309.9892795331911
309.5383514008905
310.9517071510917
309.60809978967
309.9093368789726
312.03498305905083
311.01337410627394
308.88236922075856
305.92534829119586
309.81993104723585
307.92409559016
308.77604309395457
308.9141875856665
307.9155051854225
306.82792952184406
308.6577789657621
301.68627958046227
301.6046841682946
303.2390651524414
304.85449367635323
303.73101592388144
304.51074500803475
305.5576450090898
304.6728399300915
303.048049244993
301.6754287490153
304.93484457671366
306.88848552395405
305.2858558101598
304.87854875635014
303.9471837890793
305.7947200120748
304.28109382384304
303.5989005442287
304.6273802314813
300.9164878245997
303.4294807555764
304.2750134406598
304.15236847553894
306.3520562670273
303.7647636057029
306.5971313233982
305.8682676699431
308.26959955176704
309.94934306247
305.95521104512034
304.95018711410916
308.0211349764817
307.87263509555584
305.7244576213241
308.2906049034342
307.8063213286265
307.3552787801342
308.79111713174416
308.75246382460784
307.7056754760408
308.8973059058705
307.5617121168858
306.0519376753146
303.7222874294853
306.1798088807593
307.25311916241304
307.9693900997002
304.9409359510706
304.89654333777116
301.77861094956285
305.3271374690514
304.84948128740183
304.02959228457456
304.7799027125038
302.80172789366264
303.59377115436433
301.9590442623233
305.18019390097567
305.33773374787137
307.52605839682565
306.19073058948106
307.49515096212303
307.9632522272462
306.62315542876405
306.53731013707943
305.10614181422136
307.5677055381534
305.2593837162708
306.46711695521884
306.3808600396209
304.86477249613426
306.78628343347475
305.4825530766384
307.14388083009726
305.9764385093362
303.6060953180698
302.7180033686188
303.2996089283678
304.17482872382857
299.58098997412964
299.20216946170007
299.4767246412543
298.99031019187356
300.8025472574851
300.92589229969576
300.0107761143454
300.1441719614217
301.0603942802215
299.30278082698993
300.27521100151114
298.7082264211277
300.2620658497405
301.23036892442053
301.4811740872579
300.9982097629428
302.16621305233303
306.0873241021403
307.32122574686105
306.4564517876669
304.6048688543429
304.78013982268266
306.0348371611135
306.6726871799867
308.1420884216537
305.93837387660744
304.7261246188728
307.3137633822792
308.696813101162
310.24804061860516
312.8051325930115
310.24181443575293
308.7113509504964
309.45588120834094
308.12244311754625
307.1213436535511
307.5721540343893
307.4899146652511
307.7039299140264
306.7109180298713
307.64503527978604
308.36009958805926
307.04926915743124
305.0274661576435
304.73632585440174
304.64853824604415
305.18173752936815
305.75520580340145
305.6635566554994
303.7790539076743
304.2059077982675
305.07779350274694
309.1854185003814
307.7116403295551
308.36760020243264
307.2728672762011
307.7773577531642
307.71722123524665
306.200724562488
302.74162726109193
304.0284342198942
305.4476151656351
305.7574679262933
304.9416913981725
303.9650089592204
303.3952719336367
304.6354531354842
304.28091107097805
305.28401417693834
302.54468101522986
298.3211987221053
299.9033730337436
298.61352568934035
299.1616364713196
302.34572267103636
302.8820919129693
303.1413635025571
302.2424849120425
300.51900999541874
301.03862019247566
301.2334843141774
300.05531133443765
302.04285819634237
299.1616862271106
301.9082062877778
301.76164637825786
301.9920753637479
302.4650720063145
302.6412783742715
302.93465404350235
303.0580258696295
304.2722821114831
301.563788610102
303.3080949690725
304.8296307021071
303.5405054763692
302.2081367422651
303.06328921846784
304.12795260300874
304.5132174366767
303.29203901348995
304.894763504322
303.64678385022603
303.456347528683
303.7550863465638
302.81942269846496
301.1763183352022
301.4368731693236
300.5362788804722
299.9805212718594
300.43016390299454
301.82556870341324
301.5198112388453
299.6480304040237
296.0943079184647
295.9290457400354
297.4841972978027
289.71806764930255
290.2090304124757
293.33751523132435
290.3716595305427
291.05230071523465
291.21023088746983
290.2861018772224
291.8705524208505
289.4564752364147
288.2369720497747
289.184498521484
288.9623836229095
289.0226263423696
290.30323625205136
288.31129959175496
288.5026768208
288.76588194256124
283.300817547187
283.38379623269776
285.2324306201622
284.61136141226694
285.917801567193
283.55184418637424
285.56386295779754
284.7139070038435
285.10138437554275
283.0192337840793
284.85488104243564
286.64338775177845
285.3261582473022
285.172464143008
286.64164848178456
286.19350900979725
285.3903141413121
286.77059594420166
284.62566849540735
285.7708162760411
286.4248498876775
284.35730133951404
286.10570215339436
286.27854666752825
283.960110979427
286.32975549166525
288.07761845269374
286.9604500395141
288.6470863779339
294.7768040434431
293.5792325493821
294.9365858042108
296.3947627762827
297.1026868186538
292.9814327720445
290.51848770823096
291.17933832054797
292.2817505204121
292.65108320492527
292.0426808014429
295.63982877908205
294.4060659522087
294.4679439257244
294.5340012380642
291.5663148749697
291.6548466555153
291.24179193285846
289.30248935782424
288.06012994574513
287.73313070765266
286.7564944577233
285.36571216658365
286.79354338553895
286.9147014225035
286.8483759803715
288.17196692551255
286.88056816347427
286.6709569849168
292.70658877544406
291.9576525179847
289.47249135025834
291.6455880900465
289.94788290339534
291.79029849962626
290.4466599576425
291.16844279154236
288.4976584330994
290.24229257518755
292.0592061578938
289.8109931025405
293.5048030845884
291.46610862447363
292.90224762314097
293.30898890234243
291.9055220791767
292.94287847766986
294.4001853304196
293.73919946043776
295.83383756798344
297.14775299808144
300.8748594863765
296.83503379135266
296.6648523137638
298.4073893395607
299.54732290560605
299.15656645976725
303.81512975405
303.8762541324829
302.0005459789255
301.7398173617753
301.5789670362967
304.0594457095275
304.1411108844417
303.96980184258655
304.792561472946
300.5993125010089
301.4778687444283
299.556722599388
300.0000118799923
299.89777685032027
297.56247671334665
299.4283587517597
299.52760750266714
299.3050048934371
300.3835516447113
301.84477886767127
300.271297875219
298.07587925435905
301.7097627729787
297.48027667052196
299.1792404120526
297.3941743194849
298.73724447742865
298.20218270852905
298.12321975741054
297.5761663537758
301.37601685948556
303.71144076270156
302.7176564500579
303.9996750340229
303.5014783600381
303.059298651251
304.35070827305157
301.27046944058543
300.18504451519243
301.6961266496351
300.55051810411584
301.6240667287398
301.7131899684213
301.9033445448811
300.77991170415817
300.8778265145842
300.558632706608
302.9127497046363
301.58373177690754
299.5728778453231
300.6909889676921
299.097617724335
300.65598296679525
298.44068011314016
297.9865767584687
297.0594827933196
302.06144700108405
298.51374670798805
296.9758747806654
296.8742200077818
297.40481020354883
296.7188107305916
294.5870174845892
296.63261674421864
297.95655145942186
298.47539866300076
296.8383864645073
296.93752560307286
299.4102443981022
298.19674177116036
297.97948175287763
301.02349001720125
302.3139768252276
301.6848026653656
304.24613135239946
300.9013245611006
303.3146450951753
304.230200665091
301.5986276525083
306.4902842683093
304.53320600799134
304.3959493884717
306.6324982103206
305.40880169902863
307.7010147263368
306.16200259458924
307.33240354836465
307.277880711565
307.2604593290446
302.77678646897596
300.7217555400127
303.0192257557169
303.34802513185696
302.04972477176767
302.068436032995
301.34818795306825
303.99813407100226
305.24547448339683
304.8273198696738
303.9973419564533
305.0725726690711
305.5589486693488
304.2948435388891
305.70491481096644
304.9058253464355
306.0414560436313
306.8195849103939
305.6739588229628
305.982760055533
305.6755423569815
307.35799214930984
305.84026499890706
307.4487341715632
304.8535938860989
305.2813356442838
303.92418099738677
302.67633731215005
305.0306813901273
303.9083073558196
304.2136174622972
304.10056928729404
303.05197582464103
304.16393816173394
302.55203422335904
304.3893311248663
304.18763274638104
309.44939088314175
308.9176927908208
309.62796663605036
308.26794644258024
308.54888681954753
308.72369097041195
309.90054277390203
308.7833808422091
308.3068484815523
308.0165848965805
306.72754469800446
312.91919266049064
309.55856079143257
310.0760246875893
309.29830773871754
310.2196708684612
310.99070053790666
308.55386596838355
311.68349634193646
316.8398260626947
315.3992137966449
316.52867802696255
315.91141025136614
315.318993273932
315.0960162048393
314.1985940993253
314.534697287615
314.3533379520308
311.8902256076666
323.50343671035324
322.01204872508254
322.84012078581
323.0236279883164
317.62233976307914
313.503183486255
314.0230395861188
312.86739224538195
314.7459517827773
315.24329077117
314.2523254708691
316.12502491533996
317.6465018472663
315.9611587562039
312.0618127689661
312.09460082206937
312.76256461014924
309.68776665927277
308.9380317767103
310.76869171566756
308.4931475225806
310.6144498680574
310.7773549217865
312.0625378374731
312.59080658333835
313.57662363292894
313.04320720755067
315.6356411389159
313.7233230934423
314.06588861577893
314.2720372903379
313.5798586352392
312.76654822881784
316.7886006952673
314.83651620515656
313.62131214972106
314.7628983638731
314.8259400172053
314.8167827808159
313.67959269220046
315.0092465226823
313.4335368441583
310.7473010344639
308.9852514648477
306.78070000209516
308.7827328501913
309.34263826743364
307.43592774279347
305.1782555265588
306.43529728513795
306.5819988552872
308.539060241148
309.77433976483854
307.96976590513015
309.48637103757557
309.9460325210618
309.84406721343424
309.97583281405633
310.60311089751775
308.4486162552322
310.6692064063895
311.6150099477831
313.0935270710343
313.0281455553924
314.9962996956649
314.5838320950144
314.9502583115685
313.156459859581
314.38053082288195
317.5593400801242
316.2707916062873
316.2027425476821
314.7314673884668
315.28466188933834
310.4802444385034
311.0674131183237
310.5558670808773
308.8644134099733
310.9748336713348
308.4417691702474
311.8405551826451
309.393572503606
310.1953176498743
310.61424206794
311.8503848037601
311.8498165922315
313.4204048584481
313.2145046501956
312.0885925538383
311.95072084437254
312.049450321147
311.3036285184726
312.31418647395947
313.76005858729314
311.286569622503
308.6951790667736
311.02505266386675
309.6706921556227
310.219950880446
308.1185894950594
308.9867880359768
308.1036261818996
308.6951520261545
306.9012415102232
309.7523877729798
309.59771412738274
309.5499208272304
309.49812602447014
307.7289791286159
307.8422958542471
308.553582989394
309.8882104091979
309.13732216119075
308.16990073672775
309.51102089363775
309.6110176403038
309.41482032945333
307.198404470765
308.3218038420512
307.5421649093307
304.47720451812927
306.10296255054936
306.3538943764658
305.79959054648543
305.43840109225647
304.56579788369714
306.6607680182762
305.29536056849
303.6253157449843
305.81639447357185
305.9148711891888
303.95267537602734
303.47547618867037
302.65832960972864
304.08621302764357
302.53070234769444
304.04075482553975
301.74504430563275
303.1625135589717
303.90827348393526
306.53800092149515
303.0418008095054
303.4000036565637
311.0679254402404
308.58689941779807
310.3647669055756
308.53160577387354
309.63584786845286
308.4182944878822
308.2572911205323
308.07418696184743
309.36258201841486
307.20702255426284
307.65105327071575
307.78059264840255
307.70226698877485
309.5908225785605
310.0876950363825
309.2171241296262
308.7009665537909
309.6154297157785
312.77514165525423
313.59294352266147
315.35265704017263
315.56949225892356
316.5885775337568
318.0373172842621
316.70556338236474
319.2089023704067
316.17763751375315
316.2804695359661
318.45430510858466
319.166279188735
318.41085284481835
319.16811637033095
320.9655992428413
319.4499541248197
319.0915994819683
318.01730160099777
320.1963834421868
318.71607195884786
318.5177485408161
318.4586102505808
321.5355623484762
321.0344657172602
318.6412909925129
318.9534315476428
319.9229720900872
316.41222423203544
317.7106877923719
311.84239094408457
312.5495833862184
311.7382359067299
313.7637687527986
315.37991525458006
312.16624286133526
313.1955430164478
314.93538396550605
312.37611738437084
313.46453107529123
315.49948177505996
315.3795385572552
311.1285580433448
312.63870086391756
312.7996000753213
311.43768753954447
314.8570702810591
316.2890436411331
316.25704792857204
316.97666712187925
316.4746497008351
316.0338567805056
316.3349424689852
316.90043292421507
316.57004599701844
317.7981375212309
318.1475186619354
316.0686427473277
315.35381414401803
315.5586182920991
315.93906134022245
317.21912538249074
316.17240544281964
314.29842156697833
317.33761411795825
315.8471565559987
314.1464062441397
314.61161300720795
315.34499335390785
315.5528114054114
315.02791470559055
317.04306401293366
315.4369107617027
310.72969178682234
313.00156252895994
314.7896269262301
314.05601212859324
314.1691295681254
315.26048493558596
313.55347084485635
314.128932803353
313.87332100170323
313.56969576838304
313.7511233285232
313.7208848743372
313.1763509383767
311.2975340562113
312.9642922128866
311.8332235384025
314.07350476038147
314.3103083747663
313.6559739943296
314.22614487049594
313.9454173451315
313.58481498463794
313.85133627498163
312.4475499555791
311.36719590635875
313.594768979153
311.319128954819
310.5328150107386
310.17827370631414
312.2162822041626
311.8840999598977
311.4674447398181
311.5239665595836
311.8356357024356
310.4578778593869
310.81133200818493
309.7032301707516
309.77884070224775
310.7564692674282
310.32922041570606
308.13202565298485
310.7373297051705
310.7738696317874
309.5884474492981
316.28093471605746
316.14580427191584
314.1029597715757
313.90657954496146
315.8937136003276
315.9946042680213
314.5135942878225
315.6782422469287
310.9489473449733
317.62859038162816
316.43141905972584
316.7944565274669
313.5922981370363
306.64069703177876
306.718392081846
306.40635892635885
305.2414210034961
306.2063336032671
304.3539048948984
303.5960876374277
304.23888440002673
304.18214433285925
303.2080155653637
303.4891278272899
302.60341616537636
306.973663038945
305.70504199089936
305.4170969700454
306.9484259050391
307.36187617773203
307.5880061782232
308.07716178931776
306.3201155813718
306.6308013506132
307.12458065301195
306.47130783335945
306.1914248909536
307.4933607612719
305.6051390204476
307.0865835787657
306.8255941448349
307.22652255978824
307.47174532377284
305.3393512828879
305.1177670320663
305.53040188104467
305.9160692846617
301.3543556488388
300.908849398707
296.5596063657102
298.22239694710305
299.76669253495436
299.8256759015833
299.909893436168
300.54564313781316
298.04982323612415
298.637252366984
297.82815175717246
297.9161810042528
298.6800605996026
299.4663972054034
298.63279503042565
298.84975879925565
299.5373656157979
296.3709810549171
297.22723429360144
295.72777852332564
295.8298862492366
294.59825981889014
294.39315606758004
295.6208999445687
297.61176796016065
296.21963205969917
299.7821569727251
299.887373683052
299.01816017936454
299.265697770148
300.4182961777521
299.4508835903772
299.8899700121693
300.0108584520872
301.3007284227386
299.9327034241627
298.79051879258
297.57511669963185
298.4488216695647
298.510962801721
297.5346071855439
296.87921213432634
296.37115924959414
296.2905268091271
296.05458344465325
296.05036030898424
296.7641218378455
298.2015526669932
297.46755740614344
295.07474494865056
296.6417060407906
301.1398664254292
299.6389635990706
299.4344471761319
299.15285111815757
293.06816450186517
292.64630621291053
293.0858624486866
291.75376234818555
292.1895740315435
291.33451603588674
293.0126605027218
289.21963133770566
288.49893162476167
290.05635872799616
290.85043409671215
289.8336139032148
288.46234331325473
288.5328452486239
288.88737607004094
288.56370511722776
289.52481507572526
284.9287111408956
285.2733076055966
284.01479788715045
282.9673087239935
283.3559287938215
283.4626561131156
284.48202024967225
286.90639467977655
287.5748867671113
286.7311034972847
285.9975216629435
288.81671351445857
286.40079301250194
287.16678708618974
287.1186527730275
287.5735543880882
288.83663379057555
288.176643057316
287.28976381330904
285.48629236072657
285.0359605098064
286.72898632535384
286.0396339259859
286.53114041767407
285.37108010082306
285.3807635941402
285.4930156058797
290.2242622929145
291.1329402720438
290.61393933191295
294.14963280279005
292.2280373768444
293.1995419481926
293.70862829228975
294.077133261206
291.94608401843215
293.05107226390663
292.6396255111457
290.5984229745188
291.3506732017182
293.1334550500292
293.17766314496595
290.8522389578552
292.5291448745195
293.46025029481865
291.40644491683366
292.4537835245588
290.9134307172191
290.4430164490241
292.11291886086286
291.94888289151794
293.55330956037636
294.4376033962023
293.7428316246319
292.5948177441019
286.96236699768343
288.2279958544631
288.4046133893488
291.72732905733835
293.27985484426597
293.00827527020715
293.42034960611556
293.53677527503845
297.1121526272418
291.690890857601
293.9553713008765
289.71551848206667
288.4946496229903
288.6193728823285
288.8455820859992
287.25968881974427
288.30018939496046
289.05560297293675
288.5772488339854
288.6941208596836
288.7311728649709
291.7524479906165
290.8828865050801
291.920072537106
291.64305900802646
290.66703449589755
286.36770560362294
286.09378344257686
286.76424014672335
286.50348033792017
284.3346466410193
285.34605323764936
285.130236310784
285.3518029727051
287.2908350247823
285.21330109284867
285.45330560248897
285.13822257824575
285.06295593606154
284.40285243528234
282.46082199906846
282.51867870314675
280.3234589223908
278.4109100293087
276.22891126407217
280.00489908220936
277.67840191575766
279.5611679995488
280.7075567748383
276.31470148877565
272.7802791176928
270.6990032550044
272.94066580715526
272.44938448214657
271.7266411016186
273.1112373535277
270.585237499332
272.61572093004804
271.8705385195103
269.35662239527454
269.6677260819164
275.1195601897441
275.9838718399003
274.4225461888336
276.7208891965564
276.39684579578676
276.28645858955304
274.5881434922629
275.8774735193295
279.9464828506126
285.2081663827667
284.20918242207944
283.9299160388606
285.0990300155982
286.56797679962443
283.1282135233073
283.667680070452
289.72846457388704
287.88861601107806
288.28906116343813
289.067691785928
287.51995197833304
287.8766431391242
290.1763758319625
288.937704527352
291.9970626381238
288.4125875000174
288.02393429655325
288.60782950389654
288.7084286386267
288.69314284819825
289.64142614622494
289.6291110430252
290.4288095315766
289.16791434450363
290.83189723719335
289.99361901184284
289.58321952754443
289.49134280428575
290.19171728586406
289.66461630546513
289.8265930326603
290.78333162661534
290.50126181127933
289.16774540251987
290.16897053087746
289.38676740982777
288.5619786663716
289.8590361551486
287.69695638064127
289.45229019963466
290.984242641349
292.31153027419435
293.3224346938023
294.7418410713929
294.9809647891472
295.18711128542856
290.0855011878867
289.3969013274851
286.87168045777037
285.66482943804203
286.71498518433714
285.67344685392266
286.29832779979756
286.2572002827836
284.46747578149
284.5052370035594
286.8296771696023
287.53130820342557
290.3604719019968
291.3652815059508
291.5014164217297
292.7522687236073
291.1089886097822
288.6418379725111
287.1757113761696
289.61807759899256
288.0074087826551
290.42778234931524
286.8040076677085
287.21033395703364
286.760186097779
286.91058567577505
286.43398769150093
286.79829106834563
286.18648834635565
285.90283564566073
285.42620340357115
287.8232397740067
287.41260494249434
288.10979057047325
287.6964074871504
287.96159177628
288.65878276848275
288.2943707534313
287.9753501566088
288.71562531647436
286.01167453036174
287.0288636431891
287.7177324257174
286.1462537055287
286.22987318631255
286.85246438962747
285.9515517035817
287.5532064078664
287.55391519977474
289.5323942625398
289.22857098340006
291.35954782393543
287.946778326987
286.0502304917802
288.2979412463028
293.8815859278597
295.29938983262923
292.6738398836741
292.0361987223191
292.3649494417216
293.0120954500211
292.3792561193271
291.55213252489574
292.8406226448554
292.1560370535286
293.3392749528409
294.3474752898397
296.8388693210404
294.1826567377294
297.7458132370274
294.6789418465663
292.1380777122453
291.04197346111835
295.9622843276686
296.9295812915983
297.6181041192288
296.101996373756
292.16950916995
292.081787847759
290.34344755562563
287.89256326312227
282.90633970377985
284.4952199220636
283.1810955976922
284.3821192098968
283.51658311169905
283.36459032982424
292.2916976254093
291.3971922135881
293.39810741502663
291.4242404322038
291.8638284055957
290.96541110825024
290.9655524287747
292.39520846334483
293.0889662301942
292.8697520927969
292.5072028142044
290.96688052636705
289.13384955150644
288.69316908707015
289.4623917840823
290.83973066242896
290.13459392943287
289.6720948069457
290.0330393402498
290.7923057925968
289.39186368901574
290.0441082722328
287.05880673867017
293.33288398446865
294.96865466337863
292.29909324218005
291.61645230318805
290.2747351067553
287.02283592474413
287.41710268142714
289.90645691287784
291.0439480843032
290.7101955092598
289.7777615271875
290.5275267636678
290.39584558564513
290.65439983780146
289.0653920890925
289.8532300406914
288.77088946066783
288.958813294965
288.9051140000113
290.4373073973532
289.4670182862228
289.8884800536312
292.21803247965556
291.90687943849787
292.5321361044869
291.5036635614097
293.57969392526724
291.59781858984684
292.3954008727469
295.25383293425426
296.14988872742936
294.13221829914045
294.0131837593592
294.5352231309508
291.52947607916275
291.03571505415795
288.6112117808004
287.9781928666463
279.76637306680624
281.9776263473109
281.9211906029068
281.95119966666783
285.927814574403
284.560139746438
283.58838647141994
285.87309533706457
285.0640708059343
288.077414759243
286.8653910622963
285.5788728785103
285.6461433438409
284.7872270918372
284.3604304730093
286.1488234154827
286.9316517125248
286.96137598671623
285.32295484575405
287.04074019356796
286.1045348268314
284.5900712812886
284.45870006380653
283.9001873292931
285.5078897300661
284.0086642740709
282.15401161285484
283.6354284515067
283.24824007702057
284.48624681715614
286.5159897399037
287.16515378850653
288.1792271637695
287.76187908519006
285.97491282090186
287.9410863731908
288.7650282845896
288.96095494980733
287.26808689034306
284.85784719878063
282.21624060884903
282.4469989807923
282.3907537007461
282.7158781102895
280.9258948636388
285.92552353786374
282.8697738856002
284.3916595592989
282.9263557724777
284.9191481246485
287.62322165708287
285.432505882588
285.5957117138088
288.7975710264206
287.8380994756351
287.026715898438
288.1854626111251
286.62152972003724
285.78106554873057
286.62314476498034
287.60135116798864
285.5772149639988
285.16677324980776
285.4850690931143
285.5789019885024
285.5739137580356
285.0240204119237
285.36373789308107
283.9101170878896
284.4577909624205
285.88777226427663
285.84937452545387
285.44098129890335
281.35287112499816
281.2359347431353
281.06489889198804
282.29493982191934
281.2365962008372
282.2855875396072
281.90716743678337
282.8301538073028
282.4853967094901
282.3592379480871
281.861932600535
282.34287883630503
280.6622397153886
281.44779141298665
280.6697525841219
279.7991357308034
280.69587836614846
279.5257747035979
280.3485725060255
279.86506501586183
279.89134726192634
282.0021618768832
280.5668859977268
280.5305176403386
280.90741248921813
280.28364485455273
281.19237114948805
280.28980684469974
281.3159471951508
279.52808271197364
279.93422005225517
278.6774464702733
280.5139035422394
280.56509497275886
280.31265283044
279.3146462076289
276.7986740717573
282.15569721861425
282.593888517027
286.5299661378743
284.49488780478845
286.01898989714255
280.54012969478026
279.1813621711502
279.0208687726038
278.26337551229653
277.9987330059127
277.53020994192434
282.5699871179501
279.8147964959518
280.0380362978094
279.67998617002263
277.8335510878063
280.3018368570513
278.4952654066583
278.7867581584807
282.5570926524245
278.36019170142634
278.6086596002506
280.29279019281574
279.0620598463073
279.4131834090612
278.78992451797143
279.16134101113136
279.9090963040333
274.97143767007583
275.76502025771504
275.50349573326037
274.3010490152989
276.105112052258
277.535199706983
277.1509437547896
277.3499252353294
273.9239472193908
273.39159630649306
275.1026222688956
274.451556501743
271.90750023427205
272.62054531455294
271.570893282403
271.4466467035789
271.70215555345965
272.853683240414
271.5306371556267
267.9571131495401
270.74002834904155
267.114078539827
266.16988870564415
275.9960958490131
281.35689424602566
278.2871069480522
279.1678678539926
279.14077320862845
275.2138977678107
276.3694907370097
276.0813770655635
280.6836211374656
278.27720730157387
276.246228873457
279.42019884034664
279.9459463122107
278.0449277147939
272.54410990173824
275.6767158220362
272.6944864835125
273.07824458816924
272.21508409243563
271.83100389979217
272.21147937285406
271.6099471585194
271.64965897596437
270.92220170482335
273.8968277876375
272.9976426381794
275.1218776514416
272.6903119199438
273.8141580302318
281.9842056929388
283.1654297944631
282.7133379280804
284.0402943509893
284.84107189851863
284.16643108458254
281.83115999676784
281.3000231853698
281.39780287731503
281.1960359124896
280.9804106380193
280.42438469960086
279.7761061568224
279.48092838855945
279.8598913406664
280.142153180075
281.3471811815593
279.35741923809564
281.647526606156
283.51669089617303
280.0204385560049
278.89348351650193
279.4698292637872
279.3916989901101
275.4377924216037
274.39500612290294
275.51242866924605
274.48659212725977
274.0665717043078
277.1334362811475
276.2323412225088
274.5990987677556
274.3758076557057
274.8475126982761
277.42726091121756
274.3343979197001
275.6968326783529
273.994168878242
276.4090861262959
274.8732606041985
275.89395013469425
279.71587049440114
280.79119248008215
279.79375013999174
281.7710844127857
284.6919422642636
280.0600291823265
280.99680199677556
280.3954496227425
282.40278648213473
282.0516379962075
280.1697628363338
279.2026754434135
278.8198179071233
282.6548266927791
282.70000288746303
281.0742763469208
282.0383442681599
282.4257697867393
283.70075669346227
282.7390626352541
283.113905133652
282.49210948368113
283.4079001760909
283.2393070503648
277.7045438587031
274.81349971104925
279.7422565125186
277.0173610191239
274.89528286672123
276.1562940587766
275.63254981013387
267.5607814009585
268.870745782159
267.32196372687923
267.7407368528385
272.8097580354167
273.59481389032396
273.40820785793767
271.7264586151814
275.049530135414
272.01111823949304
272.48653708005145
272.9033833053003
273.7981348019177
273.94103600569747
274.81961176471805
271.7538009934498
273.7239786120691
272.59657764162546
271.098649825598
270.2934680165846
270.90967203940755
270.41509675331423
269.9401471002935
269.3991238524034
269.5770518781604
270.43217141779553
272.2605720128593
271.4481067072584
272.9049820559323
272.55676019270334
271.2237072460353
271.62588077752713
272.1223535725032
272.390274061679
270.2570590842824
269.13764517916746
270.3233403370332
268.02253882931666
271.7028050830266
268.5692285974153
268.69133317960575
268.2111211111464
267.8370897044249
268.62000768847673
270.1191714746822
267.9955061417185
268.72058628600746
270.4852098100246
273.0353022261685
272.13293745836506
271.53227158987403
271.4482177542724
270.29364763448586
272.4887012486452
272.20881961453784
272.07759984217086
272.50928343126435
271.60776165906816
270.47025412938274
271.65965400261695
270.9502703749971
271.18636603971083
269.6799150168231
268.38935035575327
270.89330102651627
270.0001677876431
270.34191127448184
269.62713695861885
268.16514415310996
269.4074510521258
269.27413242319176
270.0250267317278
271.6370244749857
270.93109969736497
270.26176174285865
270.8184449020972
270.0035247652985
270.1436965901887
270.36981552987277
271.5971665769014
266.9122662486598
269.8675198548201
269.1748315305606
270.42168814336253
270.64297691143145
271.4778582724889
273.4765073384026
272.87424345138413
271.3288153307953
271.41457936482834
273.6252082321072
272.54604780993753
269.37333428784154
271.3306469854013
271.3623897144231
270.66595306545423
270.3928781660208
271.8453920457654
270.7924842516554
270.41625727529043
271.5304898952473
270.58279418048005
271.40987975260606
270.73233018647574
272.36862044131885
274.3632426479892
273.2079378456343
274.59096792462594
272.743779082072
273.18184143795844
275.7185406277274
274.780553847737
273.5193320646315
278.7756138906421
278.0996078956908
277.37513355055813
277.3671896566029
277.3121343265216
278.37238376970396
276.48528408871226
273.46477797722696
274.8631012150011
275.4176916367083
275.55311938888224
275.7471298092272
275.47452294035946
274.8139294477732
277.0999017876318
274.9132237383618
277.01113049277706
279.54282970269986
278.73311366979374
285.52035850014613
283.3041307663451
283.34173828638876
282.58681908468714
283.5064319066514
283.61357201331964
283.49056606429144
282.89166131774164
283.1385102492801
285.46434074261896
283.6442933028863
284.88788665173513
285.55670430490454
285.6418062455655
285.9842370997634
285.105023846577
283.3226541803729
285.29110115984764
286.8602087098998
286.8459064442281
285.76965912058336
283.743539771989
286.96849122640015
287.4540818940773
284.80095030891226
282.04890691277114
282.8913210628261
281.71479874348273
283.2811661712818
282.1981923541649
281.329237975542
281.55730271756687
283.3557323859092
284.225502841267
284.0630510888913
283.5889254192332
284.0620429821089
283.6595006968887
288.5079736721653
287.6535223546324
289.10111099139175
288.18815100694053
288.798449947425
292.2245810139555
292.1568685927765
291.6300395976
290.84215775859946
292.6110898780922
297.22190837132496
291.5313841041709
292.61286084426314
291.8493532111153
294.3216675079672
293.54946375924663
293.816156115413
291.4930104870475
291.82116276446146
291.46951578221143
294.40485995830096
291.2212348473509
289.391584909321
287.71000244308755
297.2051434589538
294.30600453293283
294.75216644579547
293.1205247047113
291.30566265490535
293.4973412910126
293.23468228703075
291.97206266721787
297.9189139287995
294.3355617887046
295.0497708759762
296.0335164899203
297.8747501776616
295.4066015835289
293.71675547913327
294.5160733591539
302.5450803946294
300.6510991334267
298.2109815509681
299.58618993083934
299.05267364335003
300.2433244920171
298.4825428176948
296.7708091264708
298.007279616778
298.07596143528144
298.0024777703522
299.03911468447313
294.9793602147452
291.0256071350859
288.88917377796724
289.5542061672234
286.37662041118057
287.4701987867519
287.1908194758481
283.97229210956573
284.4031141487701
289.31835166807906
286.4860568997445
285.33800732328376
284.97547388928666
287.0624677898577
286.66203707827606
284.57449863794074
285.0814565845371
284.7761206237346
285.07333355717805
284.2422801532101
285.96356883502614
286.494984087811
286.08133091883246
284.6491941253666
284.42411775148406
289.02769850094654
283.7928881612771
284.2335447387372
285.9172227716416
286.0773860329832
286.697665202958
286.3273652968719
285.53245828334536
281.50628138728194
281.82657385596315
281.573708387725
286.0082057613088
283.8299139627262
284.7073100421564
283.28284730740285
284.6308081021895
284.7801977636067
284.41924730502063
285.7392296033789
289.1922739262236
290.94434025100725
290.93652452837205
292.90526146978937
290.47895738299593
289.5213913411034
289.0721233408176
290.7399681871272
290.8330047805153
290.8196385676824
289.95020469330046
289.5774480465024
289.14671638622457
291.722194798347
292.31167072846006
292.0385386560342
292.9384135229683
290.48171249742103
290.70653697524625
292.0194731186075
290.98543453895604
293.1481502376201
293.39634718202234
293.2105086204105
286.53878300779235
287.55662220123963
285.7549375747854
285.39244230204696
285.8771505259975
285.0132287817493
286.978599483988
286.7895060058114
288.44615994532296
290.45454863098036
290.01325276257364
288.77850347306395
278.9873645200544
279.80516996949694
281.05048703742114
280.82025606087484
280.071877930404
280.1442374798746
280.6667923871975
281.4583942335189
282.2264261721388
284.09377425151513
281.23080970253005
280.87090242572754
281.3290779038184
280.7614672256528
281.5011402182372
279.1195216733742
280.40258914130203
280.2924264178406
283.9611649485696
283.42710516078046
282.13626847299116
284.7058394275354
285.11190850620034
287.16584028414843
287.89196767446913
288.67094402364216
290.37823304271797
289.37661215917205
290.84398988852723
291.2796899000343
290.7595143661911
291.08532046600874
290.7778735694257
292.27540706290364
292.0695040963997
292.17423147923546
291.5030958846532
292.7276654150511
291.4358244456255
293.5203106504341
292.5869781293751
292.10723373427464
290.95406005218996
292.7705120497402
293.41201855473986
292.8970269817777
292.09343338476054
293.2310208626144
292.2010533008862
291.1063619907233
289.24254163940464
289.41254442675154
288.46701620049873
287.1819057703583
288.45074764331906
287.74787035569756
288.5052039296098
288.5022316192401
289.5850330128837
288.5188964677342
294.2054581225101
293.2250991079692
295.1958709959054
296.8190492733527
295.660787738777
295.9626521645005
301.76562463647707
300.33717089697257
299.44886929240846
303.9772569235898
302.8162759475083
302.71123073295445
303.73056050439754
300.91922492565607
301.5270254816009
301.5640583722474
303.0080796395597
302.754545338305
304.0463143699679
305.62978833376366
305.097788603696
304.01744324456797
305.17938966899345
304.8126264227697
304.5645344562722
306.09939725877996
303.2216859032696
306.97853468681785
304.64176147157525
305.05760724598923
304.26765793741083
303.31160489046766
303.12959460594806
305.80385854875203
299.8607128095714
299.60711610976864
298.57873067218
300.5787539118426
297.7154781859377
299.30212619037127
300.26302346036863
298.14913938036534
298.2928311466351
300.36172278604755
298.8801420735873
299.70905547684333
301.1672472323878
300.5013849938574
302.34674438754905
301.59855697930647
299.218857439875
299.2883389941842
298.6247061347043
298.3705961807469
295.2267482748687
293.6933537384219
293.55229748978655
292.2420805478814
291.34516186597835
293.822209635921
293.8823759639818
292.5992998100569
295.5567711922594
292.80658296491015
295.2266757081066
295.03354450856364
297.3935294796092
299.57089553712444
300.61979771552393
298.5703561252654
298.2005821213081
297.6499345701828
298.5802136426329
298.5029110687397
296.9818055989138
297.7525197898569
294.8083773161836
295.72964052763166
294.96569488250475
293.92651484973163
295.6634093897389
294.26901768210104
293.6635387081047
293.9400059550083
296.22400123005025
294.77534264928244
294.8681955804815
294.65099772918535
293.9559477204469
294.204932721437
293.99213517757954
296.36155175221927
295.4147735860282
296.8579013546828
297.0804978911262
296.17785410204607
297.0917619700416
299.14353422060105
297.0997920575631
297.0432328952899
297.64486360315385
299.3132186612521
299.15091220170876
295.3424455665283
292.31794644349844
296.1454186343179
296.3605220342042
296.32706281514277
301.29661043331174
298.883295221235
297.4490212920596
297.8013403384339
298.96674103349943
299.8850951558595
299.29572211403143
299.4453914385957
302.9089860650903
301.2599494688325
302.30252678306505
302.0291584540805
299.7007525356892
302.7938319772805
303.48023108391266
302.5815125576984
303.6191757371912
302.68732919640513
301.176819704077
302.7004158780025
304.6479132369359
303.2447965436856
300.8989655362355
302.08522469902357
302.1068021370079
301.2437931788963
304.55174138461115
302.791525291857
303.4015902440432
307.59524300960874
304.4244830043195
305.35957351209555
304.68507300708455
305.7463710690588
304.26967075780624
304.6825601580614
304.6968407181091
301.45467941592307
299.8705393256823
301.4253805047631
299.43998828696505
300.51312975472814
299.80558362187946
296.83702846707104
296.1326991819492
297.1226047272474
297.1394717403739
299.5247428905887
298.05714111973685
296.51712763931374
294.0616377558254
295.44366965485375
293.4716489038572
292.9401047600521
294.1224328722104
292.83242335549886
293.2671831371016
295.00975397947286
291.81086646065773
293.94910120809993
293.51852697276234
293.1975319042712
295.1190615505803
295.6979616476729
294.5431792462206
291.7969026659626
291.04327937214515
294.14337461484035
293.9330937756475
296.7231224328217
293.91731811222803
293.5066172524065
292.1605782473769
290.69537334530133
288.3415592747308
292.08708003566386
292.50811396803067
293.529528080822
293.4353301712974
291.634770899238
290.19852678332967
292.57191782669
292.9366258654518
291.9882069879852
293.96440473383535
293.98844989571813
294.17241613289195
292.90797054949894
294.18224622654924
295.94565124892694
296.4251915614214
295.64351066232456
295.83123352740455
298.04814390233383
299.67466132454194
299.33672737306296
299.87750525626024
298.74855248397597
298.35181669589156
299.0283813153264
297.8775284170959
298.1172532365455
298.2173832055622
296.41680371846786
302.2193713236363
303.2945764868264
302.06335161757306
301.81358170682387
301.4231849378627
301.9201499983772
302.62941794706416
302.90060737892264
301.45323724226694
302.2093123498672
300.4183006279128
300.0796969817455
299.8428148837319
303.4721461461456
301.040900935003
302.14229863917
305.165606974015
303.6037598348081
307.09781829681276
307.0328128448892
308.3136791604204
308.60195996525385
303.20548348062437
303.35372178518367
304.9079818247
301.2469487518162
303.4078842264216
302.4825867068657
301.9434191522647
300.82387867117694
298.7130789194842
299.6620496198304
299.08862311507573
297.70792607012055
295.56162367690143
297.288567211833
297.4582905896051
298.0338869668057
299.2633857517991
299.17891523005113
300.5024284791253
297.93761476047877
296.6502524832185
294.9850841174285
297.14914238586414
294.39531672912557
299.14212605888247
298.9804343167229
299.2535699071835
298.33476633995065
299.08970376516146
300.79015802070825
304.24582168684793
301.27398879055994
302.60550952026426
304.34893579016733
301.3841281525289
300.7266901351405
300.7998199588194
301.3323992205652
300.0146395862554
301.07317842108597
299.02086014357883
300.20704630220837
301.0426139033578
301.34809048897733
300.80882963560555
301.57625563480633
301.65129672182815
302.24239430694604
300.43522295796936
299.9066358040186
301.50016281882546
299.21880647597555
300.48899688617985
298.705269684883
300.83136791180567
298.963441147912
300.12312438178344
303.10136638515735
302.72602423489474
303.53811061234137
302.87003510409596
301.2423459985081
301.2104933455508
300.5743399366138
304.38105067083166
302.9260223712623
301.51217742598766
307.04966645343916
304.7848073000475
308.50244672816854
309.373451835885
309.1609575998814
310.68507473564205
310.41396613640535
311.99198007803466
310.62384745239865
313.1989299215062
309.6196794446861
313.1369746149121
310.8687139269373
310.4214826006901
311.818023853135
313.27161711804484
314.5916989714525
310.17907017554296
307.9677769936437
307.61253519200494
311.1224733978
311.70135863513195
312.281434509858
310.62903836852416
310.1707592581995
311.6679171647987
310.04305759116386
308.0073245310072
308.1960539348722
307.5656998246414
308.02393298118443
307.5023077297998
308.6324765785401
307.8624479471638
309.2544312202417
306.8597320529666
306.1407962158877
305.71810020690515
301.9784853019399
299.50061424823383
298.24158153462025
297.72235982561733
301.18911713562045
302.37821951231757
301.9943587547681
302.7423896174255
299.05799418063197
298.81082727334905
300.0139470285117
300.19063138601064
299.148232569565
299.1475268377406
301.72288165340404
301.95110607138525
299.9184615932316
300.2255447444248
300.52068281160257
298.96909386281885
297.74611684993965
298.98948615030224
298.162169795009
299.883015205312
293.8507801261242
292.41779158051025
292.9734655065519
291.91155772487406
291.85819968943815
293.50233238181346
291.2148324913431
291.6728499799598
292.85096123006883
291.5578361085112
291.4580426890413
291.68461433460556
292.3843055638136
290.6419575611074
291.24132913516763
289.46967851826435
288.6169845063561
290.5964990657949
292.67278541283406
298.59615610687393
296.4073302420784
300.3951322662871
299.69336944046705
302.25574327831293
301.46904633967074
298.93465389176805
298.4037745441814
296.4650292463276
296.48027701614643
294.2208512724847
294.16945204669804
293.34050709932154
293.55244641750346
295.58208258716405
297.69908842639165
293.69893859971916
293.73602480406225
293.65054729399225
295.0142078828195
296.5387558234213
294.29174235395715
294.36159115349307
294.4907742827788
293.6053049198234
285.74998266281517
287.85289201425763
288.05958544972657
286.3708092441668
288.2159141909895
287.08360508479274
287.50404417695285
288.64952341034495
289.84482456196
290.56669740937895
289.10538919609047
289.4073262545681
289.18211772687766
287.4453743028774
287.68405734794754
287.24940015320334
285.5033093618348
287.506500685099
286.93119653582664
289.00397171089065
287.35619130764945
289.336118875867
288.2010971786994
290.3041780992612
290.5320546144629
294.1711958083763
293.6710487186891
294.3157671834886
294.0273322208002
296.2655727285861
293.83994891180254
297.5095310016506
294.9817640245131
295.9968278528263
296.55122841789984
296.6566300155071
298.61414319336563
300.12706549128507
298.7464290787063
296.8818323341989
298.4017682414286
301.9270101601341
299.72914974798357
302.2148401609643
301.89684280148737
300.25761075220123
302.7115508597617
305.5096015044672
304.577169567807
302.78037560166024
301.8893612405216
303.2228761235722
304.09230743176846
302.7705227760942
297.58078361490413
294.96604153777406
295.4409523479072
296.2633058564259
296.7007066276493
298.29800274777267
298.14297298318377
297.1364699627217
296.9951847162606
297.9373661682995
301.6390490336535
303.0670668151175
301.1305866310964
302.71870044918603
300.0356031578925
301.05256164025366
304.3215060285082
299.34067363223636
299.7351659652996
298.2444999696822
294.8537036653143
295.1707336800159
295.7097761364954
299.22485790363606
299.5169092207989
299.1828661087712
297.5293522434472
299.8147007544191
302.117733770088
302.1148107502959
302.52413830255944
300.84621275437433
300.9490489191091
301.46692613266765
296.86661254574835
297.02129354947107
296.63829981725866
294.63607913808977
296.9619252147741
299.14243501324756
299.29643078487027
298.89807555250496
297.5709235045241
298.59434170499355
298.74594302211034
300.22791368282094
297.86180703523013
299.16412888279393
299.00614155596975
301.34343833023024
302.4158470417598
300.68871051825323
302.0357035407812
309.5182076922863
308.5356755331471
308.17612385608084
309.6234794082106
308.40272471827853
308.05701816871266
308.9427303407885
308.47489529594424
307.65560743951886
307.0785705056965
306.73740475783455
308.14187634416436
306.4810713443917
305.6101654496437
306.0857374994342
300.8101984737096
302.2835257536544
301.5442870199736
301.95714953579807
302.81601840183765
304.0001602183058
303.4682858889057
302.3819907071538
303.6036592038117
305.2418043119247
310.33577958177585
310.3158203266911
315.2236990992928
319.9888603427178
316.6316163943533
316.6315942575684
317.7580344567364
317.58198231060493
316.44095613964066
318.18502529307347
317.29797290846824
313.367971962595
314.37045763140577
313.37015002546815
313.80210092168596
315.8927590932567
317.9719156978645
316.2141471939129
315.0420627450499
311.53531011502344
313.62944654244365
311.47146314530323
312.46556858150376
311.91180374257226
311.74185053751995
313.6837069098753
313.9762674442739
312.52548128093497
313.90298448171933
312.59767221092534
313.41834841985417
311.83582290163446
309.4824479370012
311.66337968232784
311.068632039287
315.7602377434821
314.24756032083263
314.38521599470243
312.50481256907625
314.23347282494365
309.7937495328167
310.53711733121685
308.8795622323288
310.22592621293984
309.30773262899646
308.769864544747
308.7566720452311
311.9261036537244
310.989959684255
310.95176426982397
312.2680138354754
306.97561770326774
308.7392400173091
308.211990507281
307.75869247101565
306.97877473030877
307.4493312514365
313.0704048415123
309.6086079416864
309.5727276615741
310.8380635574236
311.96594791476224
311.8646115655493
309.05151133039243
309.2726513384378
310.472488818965
310.1872941552928
309.89347410368663
309.07266371550264
309.2122119161294
306.0744540092072
308.92046894849386
309.36579549513243
307.5045555276235
308.9973203417681
310.54484324437175
311.79946635503285
311.3823186267737
313.30889766404505
313.04234960803774
312.5468369932932
317.8862303012227
318.39659190744106
318.6708078950221
314.9646998732848
315.92534787346995
310.6819101837001
307.1380495448073
308.4536264198889
306.92150418485187
307.2175263526927
307.0276133649992
312.7411307417573
309.1158402634652
310.42104896776584
310.76660114898135
311.1190293622115
308.7837639975564
307.66404034252747
307.4348271282535
305.0331295675486
303.061618809416
305.6474782104404
306.67668085423276
304.20243460593673
307.26310266424844
303.2495769217176
302.6641057412583
302.7940042272385
302.85082231504316
303.31388254254153
304.5972019087221
303.0307391642275
305.29651926637007
302.44938573203245
300.499174102229
300.767978532909
299.827120205968
299.6391476419872
298.82582719054375
302.34089307537425
302.26937767734256
304.65866589976514
303.4811269351456
301.35183646014644
303.27046082094387
305.0311970819151
300.22022941664386
298.38119538246707
302.2806314726586
300.5580013677436
301.18174145183815
300.2583904864001
301.6619419634222
301.43986605998
302.19372211771463
303.3270990764167
302.57229833855405
304.1695279683655
303.8885854713342
303.4474331254516
303.13723104040014
303.27785032405393
303.66235937929605
303.42914846409565
304.48686150920616
303.870870563354
304.82901342449185
304.4751831286388
304.3469325200819
304.5967759588185
302.8331778419131
301.16149256824906
300.64468858988664
300.39414952821306
301.3434608594686
301.06243092497147
302.3506392036912
301.19157507795734
303.39664363454506
300.29816106482684
301.0442552906444
299.63307829916135
300.2016057557648
300.2296211447381
299.99839629401333
299.7378674108376
298.904506728102
299.61084447228814
299.28510772342315
300.04973233586793
300.7940228255955
300.10880281745835
298.1441574258775
299.10122464094314
298.68064411617775
299.5577478391605
299.0879481598506
300.0456564162115
299.990827628902
299.3372848356364
297.9473742056376
297.7445827354648
300.0945901077591
298.77099502475454
296.9360581166581
295.1533531904542
295.47371512816636
298.98334275505175
297.3569951485116
297.02079159897806
303.0951455479877
301.6088429785991
301.5865250482601
297.7104122178484
296.2819039234753
297.2203482349139
295.82836614371683
298.8329342257255
297.58072836304757
295.78619878032623
294.75616693239857
296.24991149034986
295.78494053234886
294.93135989123215
292.2066163463862
294.1820090361458
294.7706519268083
294.3095872244808
294.25648089892456
293.9922404524471
293.98777523353795
295.58848014489735
295.43085357765494
294.8649630514742
292.69995771082074
293.3840605808202
293.4150024710279
295.867115220734
293.7079487415933
294.3484371100972
297.22510630683735
298.347930047423
293.16074313731804
291.77525316592954
293.09377911663415
290.1706352758525
292.5644014725339
292.1072812515486
293.45587759046384
292.92731762458516
289.73637307487104
289.0768902545667
291.39501820557126
290.82159635832704
289.93721285290343
290.07083550157716
288.12259833171055
289.07386727899814
286.91748086245894
286.0223190732342
287.0822045351558
287.32867158623856
287.99261164172503
286.7818473444601
288.4056614859127
287.2691371117122
287.0267739122543
289.5310135359588
288.78147997983996
287.58800269282267
288.0061170223849
287.1152117244173
286.9906041879425
286.5809553148557
288.5498270759327
291.27842209355305
289.4566398452608
289.8994755179046
285.80221188645265
287.66697487515455
291.27493852004733
290.25236742125634
290.01471689836535
287.8947024830585
284.14281917121434
283.41431687241845
285.65119521347793
279.83905937402835
279.4294562690788
280.2693357160371
278.83453093999333
280.1282093716966
278.53729463793013
279.4376546939343
278.96373940402026
280.8926414047054
279.2056521638557
282.329996397552
282.7179215927999
281.88944254223014
284.8169947419023
286.6307645644519
287.0855681692946
289.12649258484834
290.98437292209934
289.3182625071294
294.96980593224566
293.5460953550063
293.78900220024957
295.3919928525335
297.09079175298245
294.6860116274147
296.7770430057762
295.63202898691367
295.95209604427197
294.37361229202776
295.32471176349185
298.0308890830625
295.8286845319846
294.305632793441
292.02805020574993
292.50415563897417
289.18164823108316
287.06053677146264
287.983004524481
285.4342928011731
288.4607412233465
288.43019113064173
290.4141946887262
290.508536898324
290.23624948867314
289.15462122959644
289.91502408568795
291.4630130079195
288.32712579845264
289.2145664374382
289.80970849793965
289.0987620412293
289.64015956016965
293.615815026727
296.62477172837333
296.27478499109395
294.7181374901037
293.36776158939296
294.44446234339216
295.6851110512591
295.3001346282118
294.4302530370915
294.7045354470261
293.6470141342836
293.6403233754342
296.6721777493705
299.3003124963531
296.19467430169584
297.43707297147785
296.8526884945892
297.9034116608203
298.00975389230547
298.14723932699275
297.5266921588828
298.58776823733047
300.06539272797255
300.42285391381967
301.5506836281627
301.09104599442225
300.8565055696203
301.4671241103251
302.8892490750394
299.38015023292905
306.9900363089484
306.5254616618639
305.6784330321806
307.9116941583393
310.7183707355294
308.34597451695186
311.332600479803
309.24263688292484
309.18195563660834
308.58782523139894
309.36346790099105
307.81644302664296
310.17434314475304
308.28572918174376
308.95493548231644
307.33934381209656
310.6339843216928
309.33123151641365
308.33279079020883
307.47848993522047
304.6302945131098
303.93250342563806
304.89398400419833
304.25755730299124
305.24633340599297
303.6889901739901
301.35151551199436
300.42757913877284
293.5343709374384
291.46372629933023
290.1066993100063
286.93688266922686
286.6668993576571
290.4854641290882
285.5512340456637
286.0601883561288
282.2411072783106
290.54290330823443
292.18871198985283
290.64703253083155
291.36525300615705
291.13712730242514
296.4000247773683
288.31465563974166
286.383576201529
285.6750193919329
286.70653069771174
285.5365288981867
285.57799653851856
287.4261143080112
285.96282991712974
284.9051081858968
285.43594221838197
285.79021775856876
282.15539950238593
280.30049262798923
281.9489703704594
283.17219948980124
282.7507168690255
281.4330324104595
280.3686816544726
281.3651358428329
280.87721655588854
280.66766927087446
279.4325927442641
281.41156506376973
279.7490285841543
280.29104601657053
280.7596183196054
281.03647153366273
281.0964756432068
280.0449245161524
280.47690899112536
277.09270156630913
278.29110428377686
278.97194217244675
276.4485493603872
278.51630265838884
274.5281898468067
273.63732887401886
279.9550979068808
281.6212735265078
282.737624571685
279.5049013389249
282.65157030394084
282.4278717313339
281.05426253461593
281.93119822621065
282.28092092811477
281.27560193262514
279.6761312347934
283.501823625416
281.4093380038218
284.1594326535472
282.9571029483432
281.8029122267979
287.5560368716899
286.8740310877984
286.10631580791477
283.1868761926709
284.824751688809
