274.71094161608175
316.89947887574306
382.2501357503598
421.597601906334
412.86013538134966
427.7669776989844
406.05737594791674
441.19060056807746
458.718692412593
376.3234602591551
385.8950515031681
385.80244505557954
298.186398315583
421.52824422166174
395.14524339628514
314.50028614876305
393.09877461613195
374.982342326225
380.44224560146097
365.7221493667626
374.74472336782367
414.7696011620812
415.0967277065815
365.74087038269715
431.76847102777606
380.15484109831704
365.5679856230818
371.0379589443629
440.6227105440973
402.8244424951031
422.22178814755597
350.6111336589091
271.862419577921
451.5486680596918
436.83373850908174
357.5274533784448
383.8334266014822
420.83678501374993
404.3003098150932
362.1244295307227
367.33767336672736
382.9075622689272
318.6333294884176
367.17889512054677
406.14747156320465
405.7660936303893
398.9874773471277
345.4282032610902
376.50512497917737
440.74722354556513
395.61973563668647
431.7998967486867
341.2900156014778
427.2829686389594
381.75186612025794
387.5052420806473
401.74755210376026
422.50519911974106
443.921546392264
429.525752999632
471.2267263867522
410.60429971976464
437.64867612223344
437.8851670888148
420.1257085722655
431.49453674392703
405.0462373837238
453.2342371637206
458.9386453118319
418.1435969859115
478.8140895729024
501.51824953583315
512.2417374098887
495.60694507220626
482.2319376842729
488.16231724842925
477.21949720274904
469.6396744283682
480.70223013852745
510.10144882825807
463.12963511033036
449.53412017872375
497.09636711629935
493.97009281459367
512.5671434019195
533.966028724543
487.0508683635032
523.1760416337021
524.4170839611602
510.63195091946477
450.5389139692789
445.336514641484
477.9469875705744
453.8475492350435
438.01664523013005
447.8432678177413
470.9167193812353
480.7077423835015
463.7168928112572
490.65747380165953
482.8165155892357
492.1742226090546
474.1988395930736
489.9303768560293
507.03010427793384
518.6581716257635
520.0504468534691
528.3449330258419
486.2097363814528
486.4937143728326
447.0196307526809
472.58742611035336
524.9475851869641
487.63101068755446
497.48330259704795
543.6189689994283
546.137059499198
543.0598174224122
511.56668198481293
545.8506534116476
467.84597335857416
511.5412447243798
499.6973837945472
501.1367736943665
514.2028753475015
484.17304434058093
505.43706436823345
517.4361292339505
499.6655090888316
460.7636166423532
507.6904756028081
467.7785964481835
486.171207837966
468.70328703462155
457.3302574892775
440.7206637572881
481.11538075257926
442.2335442238013
524.9030985254412
475.1289784046155
484.11198381933895
508.3240096841676
449.0619953255381
477.2714268057712
472.67285249735517
490.67253255217634
441.37289996982224
446.54165003529874
492.14159109434195
503.81390480249934
449.363269733553
502.68681490003877
517.7374157029224
430.94470295182157
483.09133103199315
486.21496479146543
468.1184042658253
460.5288426953214
463.24257875755313
476.04428916563523
495.6622317403596
457.4694679933522
466.29995025159815
476.84403496252605
517.2796038051761
516.7932718595322
471.9256281395104
487.35397749474265
512.9179729154241
512.4186373132253
497.5251589980985
485.6884981972492
478.6939290317031
512.8730559034132
473.27326723041205
502.82128185065443
492.4671583345433
479.52302637257617
535.5920282589425
541.3706628057886
555.9685661499665
529.4372560236349
528.8403610041402
535.2422743398794
500.9986969056026
489.76879348422347
499.4954052817286
518.4125917582982
510.5172390582175
492.36925338195886
525.0654189175742
548.2465621341066
499.6194003212566
496.54403763146576
574.7788793937165
549.3544756495892
513.9699590633334
476.4262282341311
444.5808568098779
463.33072641021056
509.32216604920757
506.0455323053093
466.2783627002649
506.69924450303887
518.0416944434793
500.28253044451156
496.57645475045246
508.31578465974366
500.87040681481426
481.64261923401597
518.9406999827577
534.6681757913741
539.4954449930178
549.1372169749973
569.7292623027415
523.8465042792573
512.9854877123349
516.1446765055966
498.7557088249234
509.4926851910637
486.5063442206268
469.3546644953289
491.9631001312338
495.2099282271033
484.92164390587885
525.3677045292791
511.417574320418
500.9484145471714
495.0760848038932
521.5915433908835
472.90477974030813
524.2422950934096
509.5760113769647
480.8541923747903
522.1693091892515
540.1269454061337
546.6072314539472
505.936548877835
448.4752396077895
527.2494305752117
504.2808458925291
543.5137273006196
564.5487049158088
549.0371812861991
511.25352185628316
504.38000915205805
512.4666869548357
506.01898301309194
509.6781702159143
515.0949537890376
483.91534804003487
519.2518701349608
528.6602296912646
537.1580677985027
506.54757832676296
510.8769377122089
509.84904618759566
524.35056987564
544.5101441312387
515.2704757575092
534.8385669380322
510.9873819150015
545.9649229455407
539.9252068106772
485.92602558492814
516.8540742341412
506.79671980870256
516.7690377389722
509.90704879230555
552.7863021712333
597.2683131747656
561.1321482593502
502.0247984891064
557.1281802978868
550.0145434986779
523.4861997603381
558.7223767073023
534.482346721439
523.3388568102434
514.4555725697942
534.094277678714
528.568427928243
590.3332008646713
508.4241180327854
534.2456883507009
509.9677658592457
551.8897258263554
557.8848348501418
556.4492768970802
574.2346804410043
561.6207022551379
545.697258942794
479.7020448222881
461.8105460926642
500.16840363868494
480.73827143258103
452.91008658971356
461.04356695453333
486.6449432932977
515.5229945212869
514.6368758783294
511.09476685705886
494.5952251798411
507.6282045739732
527.9122708155285
516.8602049115277
507.26370750285304
521.6828693354411
542.9448234527948
514.965330745721
527.4837856447018
544.1788833842602
528.7056360254941
510.29520359519495
516.8259731177699
521.1890469497097
494.94641898839836
497.8209601618601
492.7849377725183
480.73193214469165
456.7391498757573
490.4995313167264
473.8419717568718
488.4237309554458
484.3175429798273
495.1338054390578
487.4665719423427
483.681629204281
506.84728254504796
490.7033812831236
475.59315360916116
486.79454723540556
469.23053613113603
469.36098633267096
471.24108833673694
503.6838023316722
498.32173557722115
504.3273154256043
513.6038009900868
514.7622378769748
488.75385874296427
514.3995732040485
494.9114012378302
485.0893422442032
528.151630228869
516.6806142965107
501.03594527095356
479.5099897483723
494.23695512742574
503.24159265434935
476.4054807609468
510.23521556404063
499.36650349258156
488.9282601503412
479.17253124243194
506.0469134447036
491.8506489553574
456.69935594004494
456.0991125191891
461.6682730030034
454.9811488617859
487.24923165866886
497.7508493965909
484.7580797732954
485.55718504321976
486.8273346202933
485.9039475629494
465.40664808562786
460.49970985006473
469.71348152662057
501.4536490745269
470.3740269579023
490.6762366990531
476.253185024576
460.504856368794
488.4678881514413
461.89648923259796
496.43985957395716
486.9269693966483
497.16771545021004
508.7990553922364
504.24758968684415
496.9747748861404
507.0266003903115
481.92607587315456
504.117464045669
477.18927599226186
492.25443090991445
507.5352445310072
519.1473609392255
519.9561645307397
517.681165780159
536.0579678697894
529.2734641624421
548.9232076328346
549.4711522458778
538.3447075264116
538.0880566463428
515.4191792099
478.1037476968774
518.4273930279419
525.9914162526412
539.4474314769332
534.7561331519654
535.1338778092462
526.3741782554847
542.5427141079001
560.0647955559231
556.2945826728871
542.9920872366622
536.4192407160431
525.148957952783
536.7711034757347
559.1756769186958
549.1230464715875
535.5038630893679
541.883721548637
548.9609013973328
537.2175932949143
547.5265894856537
523.8066722782231
538.8174018733032
521.2822106938204
535.2505735734732
526.6269250232572
543.5638229419006
538.0462969853971
567.1510477346773
571.0371914570853
553.4438289368017
562.3395100480525
554.4941635447954
562.520713546966
523.4415679613479
522.7860619269258
544.1740559150653
577.3888195006871
565.9490583125535
554.6775503448401
572.4118892894254
575.6518672916484
569.9517680431907
557.3524903879116
555.7188370016365
576.7852596142048
543.4231394004022
554.5710594215745
556.1016996029662
549.2685748120132
548.6721399081126
509.81209712964824
524.2711057189273
504.5877913093325
510.0398331441782
495.19959156088584
506.09892201758475
512.5091289613747
522.2848490486004
525.5212550524806
513.3274443660205
507.15472426940704
502.1326314511344
499.7421030967633
498.92152465736984
518.2826664060578
494.28461743922367
517.514087852883
518.2734252097281
517.7990588588907
517.5058686069306
510.0017104517189
516.4652844295946
530.2267459167344
492.4813708801732
511.0510166217986
504.1457539718022
503.6396020931133
506.14201874644544
504.1011631793661
521.3729405197396
498.42823762718746
508.94513077648355
473.9121693265897
510.67150667912375
524.1560945780515
525.6509670326734
558.5952172846082
552.5156700064384
525.3254025914254
569.7958446230936
566.8035241772711
527.9103263825161
553.6715708868174
516.9640238057801
523.2231320634301
525.9019155101729
540.3496568824479
543.443078640287
525.5283366181279
542.8723152540473
563.3262101639109
572.3235166751023
555.0647273002293
532.2713711089118
550.0782018937517
544.3984713442287
553.1715928280585
560.3032028467002
556.975257825654
542.1403781299285
548.6218003872701
553.5389422085605
579.5959256145109
583.8506465126327
573.4957363182184
562.0109639693595
574.4356050146694
566.5361596258493
574.9132423638279
558.9437260645831
552.0471809563396
554.9699457973006
570.3919287952864
551.4653126163288
556.1404979892911
543.5819878963616
560.6115575391904
562.1439702740804
564.4807280240774
573.7563635339807
574.372474387869
549.838096663075
556.3948865907366
581.3682312373019
577.4273541920347
540.4205686129832
586.4870191984617
571.4976931014504
580.2733995389123
562.8271744169439
564.0301651196705
591.4012977410878
571.8649080196188
547.5384808232533
564.4043659770177
544.9593338720324
570.1297383470138
554.0126303917119
572.7080563311328
566.3931950754188
577.9473168316382
573.7892641956404
573.4721008722746
588.7585900890643
587.0928186529393
568.7380848822672
576.6017493366115
583.5851459581036
578.5645298684761
595.7728412129024
575.6224794590704
578.2411090989449
577.9963126386415
561.6135893080088
557.7250124830289
567.4092197421934
541.6875339524722
559.2385138676678
555.4748593178731
547.7094938160412
555.5496765774836
553.5309415909165
562.7905860711242
578.8620449845024
581.5058229067735
577.9095932823649
600.6510367731349
576.5143676788117
576.9464468398091
585.6824109483773
582.6246170525176
580.8451078300861
564.1671022149177
544.9968284834755
562.4787806870291
580.9695795599113
591.8065020586266
557.8811167468291
567.2403946073059
550.268227018169
580.1727535284718
565.2007122253691
572.3645902145809
569.8226498346869
563.5491399232964
576.1532294646526
584.5258498950773
595.9831086290973
598.5081786444385
586.4095836089635
590.2547948873973
610.4257286889076
591.0661627834269
558.6781203769376
549.1141632218427
560.1197753601056
555.0515930416065
595.4737568595319
594.3826057742368
621.3553041315646
641.8759182186448
634.45261498323
651.3444639871615
645.973375566413
641.2686311935907
597.5950704521308
615.7508407938739
626.7712797062885
618.5764094547428
618.4685299071481
609.3232748881311
631.0632425209561
612.7004695303143
643.4420512610874
645.559878254049
629.7934045609884
623.9584828991246
617.4948748863403
624.6113767168603
605.5898354683923
634.6250152256871
621.8225834321455
607.8986062050756
618.870149891949
598.2425187371643
626.4992615593274
627.978556740495
641.8111842476849
612.6158366996743
625.9442313923565
623.8448700692043
641.6594946965181
649.2815545250147
614.7778294201089
628.4535378141591
624.6281977087962
614.0969909387743
602.4064812539182
619.9626846667484
651.4307247330682
650.1691228061737
624.7026037187642
598.0987058254798
605.2324383789219
603.9121200572156
619.2444040407015
611.1427432925005
611.0012336026466
613.154867214155
622.2342888333645
600.7415843750091
604.4645135147298
597.6110760430269
591.3971222922077
594.5976542321845
599.9405316857328
589.4490626275575
566.3898060012032
576.5568895891823
560.307866308388
550.0519059858221
539.7583543902055
565.6801245321075
553.03840289401
532.6921898173316
551.7541247445895
564.4709798241885
558.3779455330593
574.5241636172916
598.4956200702075
617.39394233477
613.5708623241864
603.3188158534572
622.0649172472278
606.1767907074504
615.8604123079909
608.5171893371435
622.5899731486766
595.59666373057
582.9875011235983
563.4625590841447
550.6635065085197
571.8594362330276
566.9254344656193
572.0350120626025
573.5317112474183
583.5804715768841
583.5254146152032
579.4810215636687
587.9935492044233
615.1051041134796
615.0355249546939
622.8223097586864
634.732249599436
628.4299223168723
605.6342791351133
562.5543040525058
595.0681033961162
571.8119817620998
593.4513765903979
574.2460470854462
584.3933017756025
595.6127728847852
595.412912442998
578.3494195770589
615.8323025703338
576.7735978355462
600.176910338522
613.4183079422252
593.5615220368252
562.8551639597376
595.8162421552021
597.4807120660394
628.052430775884
621.998552530683
616.9721749354662
618.2545040106552
596.7299143502918
614.8945722551722
598.995482024253
586.2628490434644
567.6898849306501
579.7481297302062
562.9645717791819
587.0370546010189
592.1736270560061
592.1273966917072
612.0862588744128
594.2782862104212
609.7120162599703
590.8583380605985
607.6125679979003
595.4570637716992
580.5280807369581
576.3809356805997
554.905607487568
574.6893962878312
573.790383896821
569.8478171464603
542.9807028320878
555.4036058498127
560.4379932627338
560.1487282996655
559.0812283660857
576.4518777349376
576.3625322566598
546.1747884177183
570.3955470140187
603.364037407499
578.1470056563749
574.6142535020251
583.7107723319373
579.55084533624
591.0562114747511
602.6457608409689
600.7471860470649
583.7142739351658
577.1694980663508
578.4626793351791
599.8387889739695
596.2833671735975
614.8970658479628
611.1082968121393
609.37347602325
607.529120949084
603.1302308552467
580.4807830490964
625.4470538897879
579.9230354513813
594.9987521794504
613.3665978672179
603.5013040392699
594.4804341048748
585.921248193424
610.7577177711053
604.4315903777019
596.2140395515058
609.6728402868821
601.0983182345249
581.159473633072
601.9428007254689
601.8311156976151
591.0306731470241
588.7451400576301
592.6968886965908
569.9070757083109
588.83251041281
579.6198421091996
570.2357248742182
545.5132967424003
550.3617623226045
532.1706299379543
552.466945358647
571.6668995694515
565.412557737318
602.5210161330157
585.5044343677628
584.184838149962
591.7434970391898
569.5289582702686
586.0087387001561
591.4619051594785
596.6602794808279
599.9384754814097
584.8189937090067
573.1035027262685
581.7484154562343
616.2504050133742
609.1241372402367
594.1869210786756
572.5684644311348
606.1499936467741
586.7387597277083
599.6128882932047
613.357943412076
599.4321834536695
606.3000117369941
589.2605724851844
604.7762232270593
584.6101672992512
609.294441095433
616.4997951496507
608.8618208081068
616.3917250379807
617.7902971144695
632.630903412927
620.2374286806917
638.6754299703006
639.044523103626
654.2745879373518
637.6560245234924
614.013138919828
618.551876903215
615.5478802576814
598.394879263652
597.5673761476029
579.3507561330441
586.8352691635524
572.1377431088563
563.6644285151853
564.080307123458
573.3205949361629
559.0327886222192
591.5343786266124
590.4153135475636
602.7184620225853
612.2244318605403
610.1365478533694
620.4191368564686
604.0995686467327
589.922215342239
592.1931222926933
614.2011463934992
605.6921366661979
611.1904670925493
597.2451862595739
598.1091469177003
612.3704231369339
608.2082213299302
611.2939984879705
607.8341153568656
598.2150457898925
594.1622190571734
603.2660359118303
592.9341484639137
587.8483319939791
591.3673877221792
581.134231561981
609.5017814051491
596.8896230618841
603.1139002304581
596.0879561349548
604.4443972229401
607.7951600461846
588.9134232629472
587.4652142051605
594.7941082269991
599.9048443024075
587.20395596409
576.8619566555265
562.6357287510754
561.7142775674141
572.5030647806542
563.9898193698446
558.7713180695292
555.8509199635264
564.129848552513
564.4646785718099
568.5222073318115
563.247424275715
555.9743734714949
582.3721056178089
589.9409782167919
593.7870941989713
599.71928687557
619.6742821271599
619.8914574116792
617.460871435439
615.0163332028454
599.6633292578963
601.7852893223371
602.1671989439856
582.0734344759499
573.137310045113
557.9168600043134
577.1356822107166
560.8411885944529
553.0257468053657
565.5649468383087
556.4228234425075
551.3407983110756
563.1193917479725
563.564969285832
578.6728968364288
596.2383866705842
593.2796414012356
595.7122569407113
582.5570890180301
589.3687604692568
562.3327377154449
574.208940358966
565.3976421007429
583.624259490413
585.6544814991485
581.8726098459588
559.3929056943521
557.5980995574672
583.0836478528864
587.323683253125
574.1666650149551
575.5440361280391
579.8616203227966
566.4957040254596
583.2828516376535
596.227070210051
586.958434752042
593.2147257957103
580.5263425193124
583.2518074340098
594.8556814155667
586.8320308760075
592.6182248184477
590.5600105192258
612.1171722800333
593.6390863334052
592.0939154023631
599.7997725076613
590.143612303066
599.58286144408
598.6406022070912
597.7134777906102
602.1967398081492
586.8039166370362
588.2730931177828
598.810833293196
591.3709585501196
576.674957635317
602.9067517323753
583.7261129246533
593.311743710032
592.800906340713
584.0166070116562
593.6366627159028
607.5235729415379
610.4243433940267
605.6333799098627
606.689109405191
608.4589958286068
611.1708028677551
606.2132135908214
610.2776558605268
602.9480934754916
618.1837857663203
611.9690403843538
613.5399867171301
610.101333926695
604.3877451176555
611.6654485521783
613.3531458535874
606.2306976515343
596.1588771484597
610.8704306301164
631.2904366680501
625.0410528489566
619.8597054274508
628.2346344207082
645.2861311888466
627.6836312406828
637.6822172960881
637.2459593517902
621.5108763729497
624.2399167911914
639.0961050262434
655.4645368377909
639.7681575123456
632.5914598080614
634.1102702967545
624.221757690833
617.4780920727192
633.0166831575945
620.6838889579416
613.6271758804268
608.5338500344956
601.8035906351806
593.8710774959743
587.4622884621151
587.7127162453779
601.0281957274975
598.1176007129436
601.6340591151152
599.2604135825461
592.6730385412909
603.3968790343591
599.7104087096544
613.5460896352159
610.6593143899446
601.3760416468197
605.22678998056
595.0609779348846
592.9383169666423
594.5816371202395
614.8005228660686
611.7185365471391
617.1846442883575
640.2228019713565
624.2195037466133
634.8227222438097
631.099748118439
645.7847475594152
635.8324935902854
633.0948912803809
621.3780474640604
647.7956956568597
637.902490568799
633.7033826765114
622.5112165640236
625.405653758265
641.7127299991682
642.7625274591924
647.6777014152664
650.448829731419
656.8090961975889
655.7664388433172
670.6327594638191
660.2298265733863
665.1812837590494
665.2146774681598
674.1665825983641
644.0641507250836
638.0486290165386
662.4833513593032
666.1530002711928
652.1367545632551
662.3651135454389
659.2421845556869
671.9801949554159
666.9133298165636
661.4567284253658
655.6693235882864
654.3833987487711
662.2551343212191
659.8043461543006
663.4915597286888
669.4191626688385
655.7532279318654
655.6370745009804
649.7507446855428
634.1795983323783
649.7945763010358
652.7562920323445
627.3857468258176
642.1988902907005
632.6337982610592
654.0921811218326
637.8692809500784
630.7610552766491
622.2010135309777
639.6309322620409
646.7966679144408
659.2588122809407
664.8156154470072
649.8540177873742
626.38157257764
644.1148735451277
637.8705216404217
637.2627344984214
636.9712127291767
658.1691727711993
654.6065323771611
657.4850464734617
641.0885503727416
654.4105521678049
661.8372325089762
653.9221087791154
647.8200980073448
658.1370633884418
645.0161591748991
644.8987982556722
645.4141007718108
636.8759858279955
619.454916845061
630.9307113514883
635.0936222081461
630.5156109665875
616.2662066997151
629.3610846092588
631.2957021963167
641.8931786385247
628.2907105176768
635.531363932205
637.0629717136711
652.7405012570732
625.7103677706325
636.4821355248777
632.1500511603275
635.0720452809874
645.6403352246107
642.1904544008579
637.0440264096675
625.6013031945696
617.9682158770052
628.9942283182571
603.994224032385
614.6230789760109
609.9447735333767
610.1769776775536
599.7826551757643
610.3823144982589
616.0133001934336
618.3855514874307
636.220368356414
624.1909039737727
637.5343191200577
633.2682246448318
627.5096824689241
607.1369549706554
621.1951839298856
602.9096253701427
623.341801635721
622.5074142823494
626.8330615771922
621.4407460144412
625.2423169194394
618.1877162811406
622.7259301748741
630.6221763031432
631.4652689476104
630.6411731319694
631.6367869284466
620.9634709329176
619.5099033175549
616.8417930975858
630.6434392918613
618.4206323614409
631.6310260731227
628.5145437834096
623.0445702449414
620.0390981868613
611.8570738349002
627.9706960701542
619.9711118857399
600.3318607083879
616.0879654266184
607.5636129657947
609.735755652988
604.1803251052914
586.1358414707358
595.6480717738993
597.9085468897223
601.528397962718
605.2504745682637
597.7994597360191
613.5816312392469
608.429885244445
609.3925843057776
612.5116513711456
624.5392851378857
615.3098775301928
616.2156119556323
607.925804252738
613.8164537557698
617.0081523041445
609.8096261153696
607.291712306469
613.9133110104282
614.2265918545696
633.9916055526995
629.9757758518543
617.4559758940883
633.3195338969508
624.0227477786515
644.8107105058251
638.8449692672457
633.7196067782309
636.0019600805416
655.7636658582119
659.5370991815267
655.206659138327
642.036529267777
638.5993254993468
630.3909629688354
637.946487960715
638.5866750797705
629.1513781860237
634.5615974786576
626.8873301120109
627.838592073298
626.9870856018524
636.7227711272044
621.0213575750754
637.6754566299998
637.8800812791719
634.1802274317062
635.7741494605177
637.0133173808553
625.2467950171831
625.9037164348322
640.1119266396662
640.018270205686
629.9462497624415
641.9141415780239
636.1646382290089
631.8949227753021
634.2300069930216
635.1648809991951
635.2265364314947
631.0471283556699
640.7282680065454
645.5231709814187
626.3499938821686
644.4433763346756
632.6277910121339
635.177243392908
636.1770451259612
635.9476958917071
640.8850338254534
636.1471894421773
634.6691865622125
641.8853475212784
646.5388951877493
642.2508190229909
651.2924559534796
643.2553325326369
657.4110977060388
640.0304285513922
652.7786913493592
644.1617966403891
648.9665097523833
643.7180638451396
658.0411503561744
641.1730946905402
655.6621638185538
659.3832711608487
655.0557823425763
651.7222840744453
649.2821901395905
645.4451230159411
638.3280036430058
642.549831116668
647.3064220055562
646.5134343958388
647.1081030053397
645.3462060489311
644.6879443014927
648.802941855732
655.8385132803137
652.8085763111309
662.3574388962799
660.6308793280944
661.6013203143643
648.247151533521
667.3057984811694
663.0067097675072
656.0943653713762
658.1316089307913
659.840258095937
662.1142587244043
636.9574543963183
652.1391959376886
641.8433426661043
631.703658459145
629.7292467699818
631.4610145749072
639.3407224875001
632.0660660186603
634.830073874257
643.9436902377166
640.3092476399958
643.2837517350147
650.7303601974784
637.1187421233992
643.9240517453053
640.6435280476873
655.6266487373928
660.7909060467579
649.051420920137
657.9179710825255
661.3930687085021
661.9851924250487
657.1952424211198
677.341916798111
664.4316618521499
663.6907539074775
661.3865767022469
649.8883773656997
658.3955786143125
651.5245205959998
649.0198287619141
637.7284595198377
646.0299557445493
645.6032156902036
652.7183369991493
646.807800679302
660.2009127400624
650.1592590210114
656.1002732269312
655.1761913460742
660.2795292089545
651.6477375460524
654.902792156883
656.8181929158707
660.5714355850029
651.4140088210158
646.8274877389351
639.7755573961161
651.7395053903208
643.8213407120694
648.636350451889
632.6240090384229
640.8994408624757
635.4994251505852
632.7445827741792
617.9496465980751
628.3760153542487
636.696133022662
638.2785013944035
629.7647605202717
633.1344366745235
610.8526706202168
617.3575151233646
605.9074247687915
613.1443034037299
606.1889238013567
610.8794587158122
612.4610593468276
598.3456155107283
589.2120023767777
584.7425683683407
591.9609732474573
600.4139016729551
611.8036593704473
610.3923005921512
611.6367264652338
609.9203907468218
610.4223034310804
609.9174930936738
608.4846510554196
622.3679006857586
612.6850347367188
616.4411664905688
627.0314384522032
619.5380920117135
621.8635986037242
618.48835568345
615.967195233639
629.5064253454447
625.3185087780712
629.6856822714021
629.4143630705358
621.2348578637916
634.9666306580515
638.2693510869897
634.8718355479667
635.5779006678727
623.5430712496673
624.6126257884532
623.6054489341448
640.0233873416026
638.6266530610683
634.8651101389978
640.4076377892229
644.0654104299764
642.56770580936
647.3655901765063
628.4869854346118
640.8808369264293
644.6893378251061
637.1357740970047
633.1838106795152
627.6984694859544
629.5301572522519
635.5121805276318
643.4068105869475
616.2439711481624
633.3752775960432
637.6463670586068
633.6973256754835
638.5100625786679
629.3018042238571
638.5762459570186
633.9201953409171
614.4757062751571
631.6084961768495
631.2449619273369
629.6385906643447
638.8049976464499
629.7675070637944
636.5167124625743
630.440459683893
630.8214255624694
628.911899832553
625.6041951838116
632.5694313547648
633.4501187125667
630.8235588046889
620.4638317296291
631.7964275716283
632.1712141341166
629.0900648537386
618.4271456788912
629.4176365545482
618.6970130669879
623.1650807777414
633.229612096732
625.55864886102
625.6250463352029
627.6082883956258
625.804496844516
636.0598584203192
629.5335714255962
638.574569933097
638.5705385664961
652.4969734056282
645.1432347977393
634.2061413442358
640.3257195731239
647.1065145455084
644.0906714864957
654.9902359973403
654.610655580725
655.7828362880456
654.8293736222147
652.7080567566628
639.6452741027989
645.6275347188486
633.5157449544535
643.3323663730213
643.9405112765479
655.013783926737
675.4116780540508
674.749816682108
673.4880508268149
674.0854866037848
675.0516600817415
671.1455330101672
659.8699435909718
668.8607699389692
664.3992410546298
651.3180474083921
648.4321850837684
655.0943027780149
650.3363007127454
649.7701084115108
654.468175858613
661.0623347579748
657.7777058563772
655.1638110834282
671.8636005782255
683.1516815134584
674.1217739642896
671.33636910409
670.7571685690884
671.2028282551493
673.1696473715052
669.4982423423414
660.5966059472246
662.002529513144
660.878069609191
656.5287477309536
664.1571758911605
661.3793217210681
653.2253955782857
662.3807234569535
660.9870133376679
663.953875230961
669.3794812409633
670.9620809612715
675.8270336506957
669.9417826001461
674.2732378766636
663.5953682876387
653.9815418866217
648.3153706268539
649.1134957050949
654.760537083378
648.9153727813853
641.5874932589156
648.5986127001064
656.2089567169204
653.8950225892106
644.5642477115293
646.1437563044848
637.8289922495991
630.8008957129676
624.6464523626593
631.0816233282394
619.7426459478631
611.9362225249336
606.9554376167238
608.7726797928993
602.8872837170597
600.4956128187644
601.6589615130612
600.3659817943114
601.6240570085248
598.5300054731392
603.556654697933
595.4391809623983
591.066646194366
586.0164469744101
593.8481020200014
609.4225305582637
601.9519132795507
603.1574855552693
598.7290211370307
598.5378945781033
605.8126831123157
604.3231138124202
603.7647744611855
603.5918426278051
601.0113163616189
602.4289043426429
605.9382064101036
610.5910421251336
611.8386398529941
608.7598842205065
611.1700057783745
612.3653053922538
598.7798749140579
601.3917081271236
600.0914422417404
602.2440611291545
602.4462228831472
603.7284415906712
607.659865525745
611.5980424042227
612.3281383047403
606.655987705568
604.584444582158
587.0222756985729
591.2942847627618
592.8492883412238
594.1353149870191
591.4409634439962
594.1416453166471
592.9395506804468
594.4538107416072
585.4454890187712
590.2350912583914
587.9574468257688
586.4083978470377
590.2951738467082
587.439671487696
592.698371991817
581.66494269513
585.2397228001907
589.2967004449298
586.5276305956419
587.44456586454
588.7953767729076
586.766487200265
588.6477910151939
587.4017245872144
588.1924870988056
589.2023223363299
584.8485315217903
586.3390048208156
584.9108898762139
582.1100904975416
579.7750656916947
582.8211953816291
580.3176376495869
585.8771532579437
572.2780893836596
575.3244727227764
578.7572027898628
570.478564388934
571.7193140523692
577.1527054687059
572.0325373154648
581.2388461598472
572.5351734517673
570.1330086128762
567.8861991402825
562.6168053040225
562.676448551762
564.3868359793229
573.5804696752723
572.9516736181183
578.4253629435239
582.0008452545177
581.7600132505352
580.9423702441267
579.9597182436052
572.3679170568427
575.3166117439055
566.983889486385
570.5094867081526
566.5394966554718
567.6723742400193
579.9461614194936
577.9915649129014
576.9562489885907
577.4684245748174
576.6333412027428
580.6777292155639
577.2258094955542
581.7531903567478
567.7372029463363
564.7162025476113
567.3869046981971
564.6507701349625
566.3090983961238
568.5857987213938
566.6181921349433
562.4298336300328
567.4962219610431
562.7507125302322
562.6934183411032
566.0278235109273
569.0214077205666
568.7302771833071
568.9809433107959
567.2318629300031
569.0329885421406
568.0001130267459
565.5992817251245
564.5881991542979
559.9205071766173
557.1417807411663
556.0811246585957
556.382565053963
567.4323595675173
567.1651561171916
565.4602133055716
566.0170147834209
560.5525030379418
556.5837629266236
554.2035837744551
559.0073529158101
550.5774454285721
548.0097205193958
554.316838753974
552.2108511560684
553.761371307272
554.5355981249908
555.8238846037601
554.2168495128785
552.494955693923
550.8315379795398
552.9826545786542
553.6100016840392
553.5434810524138
552.7481089570608
553.4302777688445
551.4202474643904
553.3198392993833
553.3931734824926
566.2095645427662
574.5449454745537
573.0904837662357
571.7251137381032
571.3800001307219
569.0059532464569
573.6540952980483
571.652112294505
571.6149586136082
570.8152454693727
565.9170372614219
566.9861722038322
578.7604192164066
591.011547716671
589.1725395462292
592.899481337754
593.2171308480648
591.8801936758746
589.3976497837932
592.1169574868969
585.5612886155293
583.9409452207973
582.3246642079314
587.3634241571395
589.6551735643401
603.4755480744159
608.4073950344181
613.1860785244022
613.2742549078351
615.2240144521401
616.6265630054112
615.6865083747062
624.9603696580916
626.5405811991113
625.5780948570384
632.390125947603
640.2871957363005
649.2125029976885
651.1743873898231
649.2641285736712
647.584583151728
650.6698623717306
648.7926937875416
651.374612739919
651.9946027663117
641.3602637674564
633.9374203366649
633.9799086357715
633.3825713473782
620.1697356585311
619.5179625081249
620.9601312218999
620.4854470988863
618.4591850590622
613.9126651235841
614.1818917576613
609.3960005672326
604.429866118138
601.7884303609927
601.3300993241108
602.5591626391117
604.7510342047719
600.7967162500659
603.8625857565752
604.4216429362066
586.0153660262355
582.1548080921442
585.5519250819115
584.8423765477635
585.061698206844
585.1359531952203
577.4935562158563
581.1768221915156
580.0496919246995
581.0013147457737
579.3156187813237
575.9052124941805
578.862253759356
573.0939642174181
566.4550860881355
574.1881315973967
574.2789638549756
571.268852321225
573.6307589466245
578.5854104181427
574.748009333778
569.1612934184125
573.6463751163943
583.3266927336072
581.8604011503885
584.2371738535472
582.5632013046143
587.1859636129407
594.837836556507
587.1798201429294
588.7504229005174
590.1289105191888
594.0158310512289
592.2030457680937
597.3590802399647
601.8192782745252
592.3321957069749
592.457311069039
598.0198855625041
599.3841433647572
598.4819215383704
597.5399493028054
602.1434937794983
615.5887499779603
615.1189820685294
619.008633141884
624.0562628122952
618.7354530412124
609.3300400838526
608.6317497152813
610.1484365319308
608.7667984054266
597.235332400805
600.7146333692605
600.3479123568152
601.0064570587549
609.8209127283147
609.1105607860776
609.6789001224537
619.1854437258627
623.2428149961788
623.952346858553
619.9504942396346
621.1960621409486
620.1858687940473
623.0519907607636
625.2197533731692
622.1503154864436
616.2765666588174
613.5139297105594
608.4663221259251
608.6492496891361
606.3360779222113
615.9465869843004
615.0968273666173
616.3213257928799
616.2799168334035
626.700111164519
637.2218744673239
632.5240274599023
636.9299925726757
639.6624336786114
637.2350656171449
639.451128431848
637.034139524221
638.4976578437645
622.9337107734193
619.4748717204342
612.9067875736698
615.3928604171217
615.6327685468426
617.654875130717
615.8550587073654
611.7170347554392
613.2299248813642
614.067566936862
624.891091443255
624.0868263076452
623.5759009068264
622.4714933993191
624.5071446005176
623.5874178128424
623.1298027297138
621.7466985114528
621.0107524495531
621.4513702144963
624.707724934008
628.6078831922928
625.4048409882178
619.4721128637582
621.8396509573727
622.3743995596298
621.6522846857824
621.6901649985587
617.424248491014
616.3092499665656
610.2801654408321
609.090193631517
608.3304752231879
609.1505941808622
604.7840953687303
608.068739348322
608.1150390645297
607.5533306429518
607.4747725390381
610.605807349868
614.3972515602263
614.4025199641922
615.5100796087869
614.6531773159188
615.403428881401
612.3379493945083
615.6772312455372
615.0860954514203
615.452272851641
614.5847091338582
612.427515399771
624.8589564707014
621.8703155812323
631.6848733771741
626.1395194774987
629.1771752707343
628.7167660888508
628.0878408058679
640.2359200009286
634.1489724433999
638.7089691531452
639.9277236433734
640.0741961561927
637.2171887507141
636.8011244084012
637.8361240643849
636.9507623498532
637.7632366328922
637.6276683537261
637.3056726701528
625.4896465314231
625.8601166092724
627.3653081120776
628.279858833408
619.3399604482871
619.3233849811137
618.9628681794736
613.6432127070872
593.9072817407861
595.2722597548354
593.8490098120953
596.2788049537047
594.5643114552103
593.7900273577847
593.9939933314586
590.820854182547
591.7223523551735
589.322726471645
593.9094975333616
593.2575802685546
592.7040697853296
596.1950114780328
592.8858009376645
592.9866090260335
591.2800184602386
601.7985726899706
602.928758204473
590.9039618986205
589.4370731533556
591.7996881938416
588.4875695559733
588.3652949571492
588.5594710660323
590.1643505533757
599.0746691293729
611.7472201362737
619.6653726459334
617.0663501674896
616.1186552523665
617.6534534191638
632.057788296313
635.3718876144045
632.1456340974736
636.4672718574694
634.7827159758231
635.0054915733747
633.9589622087328
629.7572486958545
628.8606619049544
628.0214267420815
630.0858953674629
629.4818847437508
630.1619749614379
629.9770940237566
629.9784252747252
629.4075654057225
631.5408160296361
632.7622753624576
631.9503238892064
629.8209032182061
634.0836720126919
630.1890620858413
630.983912355618
631.4297337429085
643.2045558176775
643.1472138343175
641.4114818001966
639.8849986826717
640.063067218831
637.823054302692
634.768600390014
640.4386347842922
635.8715723053061
638.0320583945306
629.7318983070586
632.6383993372442
631.216545178313
631.6641284263625
634.317414005438
642.320476078715
641.6462418730111
641.453329607039
647.9344230271626
650.2299952690644
634.03202967181
635.1961683291138
636.3231645067282
633.3158081186588
636.9840220409144
636.1616095606411
636.4604829466625
628.5788678668912
631.2361237435395
623.6317808534799
630.4451952382377
626.5328275519414
635.9916529129101
637.8483132179384
618.5226045032332
624.837634197636
626.895738986839
623.0169776635854
631.0054633918637
631.2059273014153
629.3852267095891
624.5302649295688
624.3723899527109
628.836786772747
631.4179813427118
636.8822602788931
635.3563810592725
636.0971905572411
638.3079027320703
636.9912485484151
635.4058908524695
637.012982433099
637.2655892860051
642.7138777227509
643.3024439713927
640.8740783157324
640.5363346914231
640.3401648654569
638.083398766165
645.805012002615
650.7220999337217
647.6849887402002
648.7459370130446
653.8884697684832
648.9803590110772
653.1318374786338
660.1912875221424
653.2950676255208
651.1601258461463
646.9660904926103
645.0970510628041
644.6687321135317
642.2351743163359
646.0128330108324
644.275280351757
645.6893535297972
647.3991173595639
647.8539453409837
645.6851614510479
641.6972264209109
646.1945234008692
644.2773133712044
643.6818085359841
646.0665479919684
643.7022170980449
644.1244943596317
648.3206462950525
646.5702300735745
642.7651754419319
632.503931989645
642.7761230295807
639.5362139527609
641.1196014237181
627.3820167708228
626.7553745277569
624.6467765774021
627.893965748945
615.6050470801162
616.1441481816461
618.224267604671
621.2384255744205
619.4587042819976
620.5365686768574
622.6573667068358
621.3194997469691
618.4075415443416
614.9843219649383
621.3842996819699
624.5692358985282
621.8745198203891
621.3289391598227
619.8666835565072
623.0255777334208
620.4630796330646
619.589036979319
622.0791677275552
609.4617131362295
614.9257580249607
615.94350582145
616.3405732177041
619.8840924073324
615.5436484667053
620.6859557142521
618.919341677858
623.4657804031417
625.8604019644035
619.1531770204182
616.7986229860069
623.1046866723635
619.1769176299975
616.7403391884781
620.9439143553741
619.8643574204392
623.1472783994296
629.1845958818473
628.8242947056312
627.5996601265111
629.405543554935
627.3963351521979
624.4254733710297
620.3263107110847
624.9960698330763
626.788948479721
628.0154765031378
622.8519292013484
616.7062055445115
611.3822024829109
622.7710851519565
622.8628881337668
620.9901555416482
616.2110634937375
613.8916510745427
615.22774784477
612.5902457006976
617.686619930429
610.3259621858856
620.7448135471243
618.0662646131858
625.6695911202543
628.6374585293177
626.3613847321682
625.6073713382691
621.4860025511083
625.7040384260822
620.8665461227697
623.3500436046593
620.5378103091741
618.1211485698554
622.1282587427171
619.3316590067681
622.6215138149457
619.9877058856159
616.9467840239024
621.0005891792496
622.6719320511006
623.9200552554857
613.7955006429933
615.4949947491228
616.2587721555241
615.3557458045224
618.2525896195453
621.0697894143077
622.2731842689947
622.0907211495324
623.851665597134
619.5987248515755
622.5087447792847
619.0037818828289
621.8541993108762
623.8214437372508
621.8749649811539
618.4319997527616
630.4399760516906
639.2899780753809
641.3667179630866
639.8309759445375
636.3297301250853
636.6659023815997
636.558086335346
641.1335010664028
643.8884951192844
639.4919845027536
639.7143024975794
647.0100027062695
647.0358395281082
650.6765702526295
646.718559484339
644.2330922588876
641.7020596406335
642.8531806263081
641.1735496743133
638.6339155708688
640.428721420932
639.5980760976563
640.095225346871
638.0698483631162
639.9635286690755
641.4880125826041
638.9878868251658
635.7533913042192
634.9779188124838
635.0740795182369
636.2095997500485
637.1090434851984
637.3377790580566
633.1426848232929
634.3038746232007
635.768706256787
642.8977678158791
640.0676002321469
634.8354663174689
633.7295218615168
634.2627616616436
634.6419319749381
617.3429296973168
612.640230635003
614.7908994343986
615.9769975480474
617.3047146497325
616.6559490820517
614.5938340842513
613.9666699289688
615.525144653498
608.1622968685854
610.8805541894154
605.6343514912535
598.5740867752828
601.6696840917153
599.5020927863085
600.2299769798592
611.0871503712594
612.9302968292002
612.8749102215212
611.351308835417
608.5501138761464
608.8624498556586
608.92662152403
607.5138488090556
611.5101801061437
605.9712708384633
610.6836395530561
610.4161521805474
611.4072385975304
611.9847125037041
612.4191022461013
612.6340996308478
612.714476161969
614.3350668688696
609.7741982765834
612.9475962845453
615.3519990502028
613.6221705799843
611.3590113062223
612.8266539581965
614.3810854822849
615.1720175405956
612.876056025118
615.8845395558275
613.6517104028668
612.9655955577836
614.2097713069137
612.6233514655331
609.9306703572317
610.2118960837923
608.440225338514
607.7316345677738
608.3226415193396
610.9972487757244
610.1986634385994
600.2077658436998
590.0031546856744
591.122248157206
593.8441011309226
579.0072641042291
579.6467607890721
584.9879228102552
580.5381289394877
580.6714985998449
580.816025030944
580.1894226388008
582.3779012256946
582.1218040248618
577.0610479058784
578.9971915958016
578.4958237234794
578.0880876409567
580.7683250142064
577.1111796654942
577.4954420214883
577.6732970201042
563.5259006919365
563.9942298836112
566.8953579880803
565.5378932167258
567.4927676379023
563.4844194266263
566.5928796673502
565.5571822889121
566.1169634831965
562.799903377057
565.8420986417151
569.1253804263044
566.6441785210889
566.1510187369903
568.2018269511503
568.3100821440534
566.9556409112811
569.3219078064321
565.0055485912883
566.9814533941669
568.123759849808
564.7001646899663
568.2449781545328
568.3055408762858
563.625053246691
565.8023218446519
576.7903092367437
575.1322291493309
578.521067998403
594.0060472486442
592.1626334823478
594.844605388924
596.7815176246469
598.1755368738324
591.4871310804837
586.7766425504723
588.1596208710953
589.9723551680538
590.7522733864303
589.1403885984276
595.1268009928439
594.024468084645
593.5549777429738
593.851787042269
581.340256640367
583.059340834372
588.571200320623
585.2001818599722
582.7697209735667
582.3470006333778
574.2852171897632
572.2007284935958
574.8287655860354
574.7480269986637
574.6475331251264
576.9963073702012
574.5590671921769
574.3509968469568
582.0357646040255
581.6030579167419
572.1407210723892
575.0563773170537
572.7542298136057
575.9072399687388
573.6207350812734
574.663963759922
569.7310835887846
572.4962619867846
582.0783064308669
578.6046929605683
584.4795369066758
581.4291643204383
584.0978302145475
584.2308497234734
581.2388253878518
583.7276000846139
586.0761842176805
585.4407318559256
594.8809573695811
603.0597115682988
615.4836915476445
608.3473797897178
607.6723098353276
611.158764527538
612.9515575132708
612.1007732909083
625.31415191737
625.3462212090161
622.0963364701321
621.6418778297378
621.7551122235667
625.5916651890283
626.3905495988099
626.0896375958431
627.7523076891837
620.0967507149489
622.1762405299344
619.4259898084465
620.1570350957586
619.9773407055752
615.6543213132644
619.2003921503594
619.8079441204675
618.9741100184496
621.2696609100694
623.5629280254857
620.6262389136087
616.3652689256618
616.4076896190115
609.6050674314263
612.7548151346948
609.6649340740277
612.4684564889136
611.0067746522633
611.077587264907
609.9871265208617
620.7204275658468
631.2650829112453
626.9514483887161
632.4479246482247
631.7607852621337
630.7196628392487
627.6095977999515
622.4407212992134
620.8090146798496
623.3123211280582
621.6138750027832
623.4117713422197
623.3323470100332
624.1939690378766
621.6443759977365
621.6346469632151
621.7142136630619
625.408438452728
622.6336320412024
619.7522281990138
621.7750370598792
619.0838887678875
621.7786990849635
617.7281152688843
617.0004377938307
615.0060838278274
622.80310146118
610.2859215881504
607.7244160746434
607.7518128959655
608.7060518616353
607.4054351504662
603.9242449282596
607.1476924937198
602.6871123431223
604.8045306954915
601.2837953229457
601.969201311772
606.8922044920375
599.0240566045375
598.1272289036434
610.533471967204
613.0596695288559
611.3422940351093
621.7770346059323
615.946333556609
620.8249026290516
621.9351942157978
617.2818954834971
626.9747160520359
623.925738234689
623.1903064906294
627.5877220672173
625.3294807106289
628.2273838099175
625.1158782345033
626.9266885502826
627.1789220157312
626.8023910977478
613.8300978240057
611.0433283174738
614.5381224430146
615.2104938174821
613.5294738269484
612.7196308157506
611.3446140309456
616.2215945652521
611.6143074306367
611.6085903854092
610.0026762006771
611.5382177227249
612.4218390078272
610.3842205157193
612.9145740095188
611.2663772819974
613.2386416603164
614.5006887019488
612.3599437989727
612.9701976072809
612.5330169469089
615.4744282728595
613.0403360735983
615.1030262340545
611.1129483374627
611.7858047444272
609.624134435599
607.5408951324916
612.0986239033788
610.367512194601
610.7186573430494
610.4291119150475
608.868624846685
609.902514788497
607.823981981576
610.8611923901784
610.5696226445046
624.651373125535
623.8862962395262
624.6297717658276
622.3484425531768
623.2829309651598
617.1453003305754
619.3139765706214
617.0508593863748
616.3809273087538
615.4852313862282
613.3705698506914
631.0834016914188
624.6293440230239
625.8207290219972
623.9176770260627
631.8003985785895
633.5005205420858
629.4010868033307
641.2611542000458
655.9189710536343
653.0857071519385
655.1783547897276
653.8543161177231
652.8385578965677
652.3755980543955
650.71236713538
651.675945674341
651.6815967938385
647.2554286328605
673.4787426244677
669.8313031317628
665.158774483934
665.5373743081844
656.1242581068478
644.0527571512112
645.0753836577483
643.0264530233065
651.9530610690804
652.8538987242387
650.9876956816199
654.4882301912666
657.1543611001929
653.9562512446552
641.9917514246827
642.5420044038309
643.664150777957
631.8584730909755
631.2757894145246
635.1220064535312
630.5926358845355
634.1796580335841
634.5214970367464
636.2142003860826
637.6622979153326
639.413950475303
637.8375181152218
642.623190482275
638.7038785180947
639.8409499739844
640.0687780837408
639.6076723283759
637.9330837680743
644.4200555331405
641.2364989191719
639.0984537493762
641.0800970629016
640.1133241847323
640.3069962721312
638.4595840849785
640.9800807012441
637.8243103072533
634.003817350005
630.3078673686123
626.6122134649363
630.5628995482405
631.4255011052636
627.6938151185254
621.5319504197528
625.8043965148993
619.5830916877312
623.5774117421189
625.7071553250358
622.5906607762422
624.3357465444046
625.132829104617
625.3957083709842
625.351939733381
633.3586339699602
628.7853817625385
639.0136290568487
640.5630781318907
643.111744585222
642.6516196473758
646.1926968754682
645.7774883166935
646.5999441518496
642.7080111609768
645.2892010379825
650.651641122532
648.6505154953029
648.3331789667751
640.1990378514994
641.3737510032621
626.0957609838224
627.3021007102392
626.4654280278273
623.1782303352528
626.7079051707439
622.6925272165357
628.3097141376574
624.4937078350747
626.2413788765326
626.2544677414623
628.383516447946
628.7272959225846
631.3691811192074
630.8993934217808
628.6591288522723
628.4957061317818
628.874975297514
627.5270183412928
629.2770737041925
637.746906815614
633.2947115454124
628.4342858616942
633.5446149642037
631.2317677998118
632.0521911653082
628.5838672903571
630.5188165759572
628.6599015040249
629.5547161301312
626.3074989657182
631.6009800407376
630.6300444001978
630.9701763287402
630.1612290312551
627.6558529155059
627.8354553171481
628.9069314235546
631.4140415737339
630.0537730146776
628.0419598383471
630.9066156887092
630.5060454624382
630.4710115479706
627.4716564679558
629.2624370360944
627.3047710603394
615.4856236666384
617.5817983918537
618.5108154384803
617.5420453628248
616.5010045786505
615.025304451091
619.2114192728454
616.5771250817451
613.6557939023207
617.740062378897
618.3071908062774
614.7847909343
612.9079723480503
611.6873667083199
614.6429894645792
612.2597940132459
614.5658696374157
610.539023857659
612.7372007658504
613.7501660392418
618.9715983375272
612.5912779286136
612.8986034368172
633.0124102808592
629.3773193555786
632.4334184566645
628.7609083200397
630.6596641511038
628.5090176402008
628.265330677305
628.6808262489363
631.0019559622403
626.56551250998
627.6759635492348
627.9597216664987
627.2574412142492
631.3927097382475
638.3693596576511
637.4128238726985
635.7583015442136
638.2729253439238
648.6650597833976
649.8868415850933
653.1015177079229
653.0948883314911
654.717408901832
657.4015117076171
654.8331623929887
659.8476713132735
653.9184287837371
654.6844676954343
658.5179058659987
660.0506827343711
658.8631888308729
659.8921146421167
669.0495592560825
666.0095939434345
665.3116544323398
663.1164056241962
667.2009023981376
664.9189644923645
664.4522026148754
663.8166286783753
670.1411394497942
668.8737981343096
664.2349047261235
665.0837399984754
666.8623533638255
654.6108958426045
657.0130671955133
635.3782243920685
637.1823170965833
635.4223988850927
638.5029579285682
642.0354543230482
636.175156506799
638.3573226757513
641.2393084751142
636.1549275079996
637.798088964804
641.6803330823552
641.756998696174
634.354761501899
637.0238629801795
637.349106816207
635.1395724178624
647.5012003551841
648.921618244709
648.8954630755195
650.2886695079989
649.1966208691688
648.8915760780201
649.1299156778633
650.0221710849328
649.7955480683788
651.3253409669367
651.961971799177
648.2246185664214
645.2911894820431
645.0410472443938
648.5155092554972
650.406046987548
649.2165957962832
639.3275439216776
644.7272874011296
641.3355148327772
638.7145301686639
639.4419632981245
640.6660275248025
641.0899712449639
640.8140083403151
644.2908261397795
640.0619092404779
632.1694949857009
635.5110966887163
639.1896887638749
637.8033740722553
637.9029668103454
640.506389972276
637.3461746492322
638.7581719611708
638.1879462981631
637.333119153682
637.8261069617912
637.5937389351168
636.342240226131
633.6928392990983
636.1235668682959
634.5151177672705
638.0333422712744
638.4935381580442
637.572485048309
638.884910052807
638.3509825993493
637.264323095314
638.0624122826946
635.8790981711052
633.4768025930692
637.8599551073119
633.514937850916
626.9363818737382
626.8649169022286
629.890314534221
629.3513802835093
628.3964656706767
628.5479563477751
628.9719114045666
627.1435998577623
627.351466708287
618.2245438353556
618.945570168474
620.0092341909487
624.9972219716154
621.0720957037234
625.922933319841
626.0256273404998
624.2816907187911
641.2929055566586
640.6142839829978
631.0689514017695
631.2089060922737
634.8181116219029
634.4353424339722
631.9860309411109
638.3749523676423
632.2754413630051
650.3073568631604
647.2765683882384
648.2681932158234
642.2328790664814
624.586641752973
624.9573221554258
625.0448420308228
623.0309743908003
624.612212515705
622.0884088775962
620.092421054477
620.6946066824719
621.3719548263092
619.7102519530248
606.736891347633
605.926298469495
619.3839739621798
617.3472689146689
616.6217998846279
619.5104263374476
613.3238832571022
614.6322344984507
615.0655107476099
612.6048770981354
612.5006315434579
613.0834013751826
612.628405502066
611.8952941632143
613.948546911177
610.9005357738354
613.6340641739445
613.5422417002058
605.9533508795944
605.7252600689425
602.4795458765774
601.9565356342995
603.2155447170862
603.8601138217374
589.2244110375617
589.1544314774721
575.4383687423367
577.8402776275101
580.7763252135485
580.9104003520603
587.2439847703939
588.7452695414365
584.2137837448347
585.9665201814931
583.7039645638379
584.4041983059426
586.0558601275219
587.2481175890629
585.6161069750583
585.9241332191492
586.996783876594
583.1596859406098
584.4270476897634
581.4275470067763
582.9807214380137
580.6712941968092
580.713273565467
582.8765106659517
585.5714956838457
583.271652125124
589.0956241415658
595.5641764072546
593.9166961614424
594.3614155712975
595.9240468294307
594.4521103483502
594.5246076728481
594.952565247616
597.7515625553835
595.2309923854481
593.4878848048718
598.0527943845626
599.7269940868297
600.4279347582525
598.1339785190203
597.6467750394473
596.6282393743359
596.6937670328108
596.0024020151629
595.5261346330819
596.9223741835017
602.1776917657622
598.4559377067438
600.0124366115633
603.0413750486753
617.7119064743111
614.7653313195945
614.1986411385417
608.3922885876827
591.6328767994816
592.141222741688
592.7909409480059
590.6592647441074
591.1502962018931
589.7394289847899
591.2608590662076
579.0920121023373
578.5012623790424
581.6468614591121
581.4302978658598
579.8824932396581
577.6665981451843
577.536412332597
577.9996952270184
584.2258320115579
586.5181696303047
578.6414719146645
573.144128684287
564.9082261165937
563.003457568198
563.8480437419544
563.7541456222289
566.0099647546574
575.8169829601331
577.119043949445
575.1203751247018
573.774381931215
584.4764467228348
579.8932887034288
581.5155952316211
581.096745271445
582.796728439012
585.0183890933293
582.5881585589091
575.3745052546963
573.8718680908704
572.3571133428775
575.037837893701
574.6181095159797
574.2208425948016
573.1191533247203
572.6265454721859
573.380576235792
580.9623836610774
582.4712067863674
581.9309891589318
588.032521235141
584.5343296833854
585.8714644183756
587.2321408399521
587.9199076809238
583.782947304771
585.936911037639
579.7919168400339
576.1871189669945
578.5495082622127
580.9793626315517
581.3075136585717
577.3499238750637
580.0503039487161
582.0562539476394
577.5826469771275
579.7388885253251
577.281728191733
576.1658787139194
579.0564173678263
578.7124831734037
582.0742665366225
583.5992120117555
582.1260308094575
579.7930348379207
564.959723642311
566.3372274918937
566.8742651367818
578.348550454874
580.7766105781791
580.8061451135807
581.7327590982401
581.5244920771968
593.546416813722
577.3822473003236
582.3564108723574
569.0437358335079
567.5000000214241
567.8912406031664
568.6166558043351
565.3852442460662
567.0755166876862
568.5226713508958
567.7430191769178
568.2118935529226
568.3508895926064
579.142058194855
577.3508736111386
579.0334779631028
577.8760615117715
576.3176108078194
563.8535525920432
563.395534136658
564.4112682565582
564.1039860699709
560.5075840061861
562.257526556784
562.2498953166144
561.9753601348957
565.8502064578291
561.950606942738
562.1036260786834
555.2912546204153
555.6816506562058
555.4186544457067
545.1202309891958
544.503636449653
542.7823448754051
532.5699538439125
529.9594201833082
541.7093864526637
537.3488203507738
547.0861441542128
549.357580377178
541.8624836824657
536.1895152388292
532.286751728281
536.6903274857385
535.7370693034243
534.322137699125
536.7464996972434
532.6667179789443
529.5361415646215
534.8953826217114
524.8419013452967
525.678652589493
540.474835023867
541.3375498493942
538.9370828759971
543.2746308812661
535.5434417379704
535.678014832913
526.971758064189
529.6275530614457
542.7046169608482
557.0318656221301
562.1986230613273
561.919144149001
562.0004774948017
565.743823295303
558.8619504686942
560.4544774137445
570.6558378541552
567.6896561933178
567.5407752971862
569.8065566971052
566.6014744028214
567.0947303891182
571.2510107355499
569.1078704881222
574.0467173420839
567.581300595351
566.7750161432664
568.2312056331502
568.3317909041535
568.4316259785328
570.2054516632129
570.0411281954633
570.7074815629574
569.0198744728353
572.3886258335335
570.976305950401
569.5610653213491
569.4808121967216
570.9584936840608
570.3651114917726
570.3180426951476
572.2448468686184
571.798515699193
561.4863861695909
564.1302386146381
562.56489384702
561.4898412720365
563.2121010298183
559.2332338436535
562.3933924564203
565.1988437693375
566.8774124128578
568.9615822780617
577.5961127418188
578.1537670508897
578.1144756384543
563.5326511203967
549.1948205876597
545.0042956776551
543.8175069186659
544.9469819823589
543.4220308121594
544.6119275035451
544.6999624765257
540.9786191527073
541.6951204576013
551.3535600618897
552.0839107946098
556.0576870243638
563.5737839811873
564.5509916887307
566.3237688017556
563.6403941178013
553.4221334922267
551.017051067297
555.0795168951935
552.0329245833343
555.8223597453357
550.7422493688764
545.1094512212112
544.9247474829656
544.8822260717259
543.8950777356639
544.7491057649229
544.2626865354443
543.1317872773861
542.6670302958561
546.1366132394608
545.5742279152558
545.3133180715666
545.4714872613944
546.4429488366941
547.1586646932849
546.6864545148424
546.0136539004142
547.1791048435294
536.4420951337847
537.8560610508929
531.3617909594244
528.6641413493113
529.2116640963345
531.2866290572564
529.5417561903097
532.1928990477825
532.078098369585
542.4544564189553
541.8620805996853
545.2283444562893
532.7379176287387
530.5993863152662
534.405213737879
540.4242018665436
541.7870589040141
538.0656955751193
537.1279335150605
537.9670724274284
538.0731283836698
537.4502484114147
536.6850798765191
538.6389527272397
537.7812800094821
539.5245350349551
540.8020233878646
545.8416117697982
540.7094764386741
544.4155404375699
539.9153211169196
536.5631699440972
535.7535876708712
550.0987402461661
550.9049548995658
551.7962277622837
549.854777058006
543.2070814475252
543.1451721927801
541.7263714843485
539.1958019511744
523.9464557126839
526.5581135865268
524.9198158482235
526.805210362103
525.2972638107451
525.2786862817937
545.1277908070945
544.116442156477
555.2729429692653
551.9354082011758
552.9286150234832
551.1002397904064
551.794039849729
553.3849164446336
554.9918211664127
554.3512482301346
554.0724817015781
551.2917738703428
542.8044967085982
541.5308367441553
542.9012522172791
545.3349449467672
544.2585019365388
536.9598918529349
538.2041579545029
531.177049978884
529.2792189250747
531.0600419047038
526.4730006186476
542.8086899856825
545.1226066885753
541.0229031216564
539.3407107021229
538.5950555780244
534.0769827128638
534.5404838376712
538.9068024370662
538.6460651493626
531.7792515695382
529.7446121568045
531.0982155129889
531.2683493017178
531.628595675025
529.3241159770877
530.1873105200349
527.9390550820515
528.5937416344509
529.0887566678144
530.9764775891042
529.2929104311199
530.044263709285
533.7275034531114
531.8262427390662
534.4113641987809
532.7485767503937
536.0294291045133
532.5520896058653
533.7920083140393
544.8936287704905
546.0474807715849
543.490210849427
543.1901583285095
543.596585394221
539.9510824106935
539.6724890010909
534.4047522977255
534.1459640285466
514.3384774510473
518.4409441869681
518.0869340344993
524.556738344227
536.6715846186952
535.0084252931163
533.5619726024909
535.9868804840304
534.7755687480267
539.5967079316171
538.0733029361085
536.072460188672
535.9299017607453
534.3161005670884
533.6000816815874
534.5405141089769
536.7089783753781
535.9283524170271
534.2905084314519
536.478774163021
528.9838998235558
526.9619877052993
526.3673078061287
525.6943929542247
535.7445868822632
532.6471427465757
529.7907866512696
531.5909694866923
530.9080799579253
533.7588264548906
541.7355333495492
543.2492930010242
545.0072701195389
544.6031907687037
542.2016488095863
544.3939024126831
545.6367591090369
545.5562017247373
542.8120066356164
526.8113180387221
524.527544540205
524.8550993719524
524.2577942037017
525.2543660973568
522.0563343194125
530.2034892451503
525.0808353532084
527.8502034392139
525.9194150892714
528.2387013624373
530.2139676952484
526.7469943640365
527.4077421128358
532.0134074193729
531.4393166355127
529.4578891273068
525.5887465554704
517.0930335046007
515.6800544695566
517.3391980198166
518.6343752553511
522.9215585761581
528.4240139251864
528.8426912349555
529.1071002488112
528.8074018115116
528.9300063075669
522.772372559294
520.8422115044225
521.2012121787322
524.0113351381015
524.1814784673836
523.9831612187076
509.81800211067275
503.34665030119567
503.43599777183255
505.5680443977456
504.1992921842379
504.53048288154736
504.0836248463486
506.1010889428945
505.22488611234735
504.53386015288834
504.3016195495134
498.25135014236287
496.2469832749438
496.9002317931465
495.99477486903714
494.46520871158697
496.08336139246467
493.86547661198813
495.3999765521388
495.18480095196327
495.0370247759829
498.2525611904218
495.9355420618193
496.3771756569611
496.0410051021259
487.57410763279586
490.4957863467117
488.14085413088844
489.66843352868636
486.93584252623003
487.37712553719007
485.578114779806
495.2526604619979
495.3385489614068
494.38946037131984
493.15881122188966
489.8905473413158
504.87635346677575
505.1154164703217
512.8950065198924
508.500229576558
509.6010925735141
495.1801176691401
492.82410117235355
487.07266368918164
486.7285854411486
486.77830081939595
485.2478187525862
491.4671455347479
487.97560274516655
488.4452928629895
487.7076146690583
484.80761134911944
494.6094320945725
491.7810662252948
492.3636547418559
504.21956324297884
491.3273148384861
491.4542869628983
493.61324360414227
492.2280418361178
492.83770615691185
491.59660377998784
491.6419205962648
492.4325163001958
479.03836716310065
479.824097118055
479.5347887031795
477.7750744524821
480.84222073459375
482.5497755437078
482.3188147864666
482.00843534437263
470.3372931399446
469.7692058212646
472.97745120362936
465.15604036422445
461.23770990202655
468.94756302809424
467.6517574196185
467.36699217519396
467.27816322150494
468.9317589395342
466.75283955698205
455.2142465804735
465.02423335768475
461.16560917221545
460.2743540518413
482.58662192690394
497.5086061224285
492.8875541719845
494.4239642301084
493.64657348578913
488.91755126033195
491.01437156369684
490.1324608201118
496.90754170377693
493.92476457985316
491.95068107343593
497.53317282195917
490.6809196349875
487.8350721026855
473.01254110392847
484.00565183568295
473.05968928700594
472.9186061358403
464.8053452339732
463.96846144877674
464.7155815803261
464.31554388021624
456.79494230020646
456.11326580654713
467.4380460405765
466.0981078480937
468.4787173910687
465.37786959300126
467.0682016665176
486.11192692027663
488.06344250562773
487.1035284493063
489.42183649533365
491.2729056351772
483.4332589225565
479.92976080158917
478.79586143536244
479.62310488555687
479.19449162693604
478.53621187489705
477.82424585694713
476.73814587425704
476.176603473008
477.7119339446994
477.23189328946233
480.22435246556785
477.21176677612243
480.41914238879093
483.4695078445691
479.42029531149876
477.443493489085
478.3382357357119
478.4234941702433
470.3741509247029
469.37721454489645
471.05221447500014
469.86519458510844
469.46514043311583
472.0197026178416
471.7575525309243
469.8586815462541
469.2073570066219
470.110893249316
473.52211870314545
469.2416859200609
471.5840075288119
469.38452163883625
472.79323578872925
470.445590113953
471.71542088589223
484.09285528064106
485.23538059832356
483.98283478686756
486.84385902306855
497.49456782631347
483.57226031201736
486.18012398213534
485.0361941420044
487.9284386076074
487.14628578855275
483.9281488725156
483.02480530186045
483.0206426540298
495.4752080250201
495.44321763979417
492.5576439594915
494.2876532431888
494.33208245058523
496.36416834363826
495.67447681642824
495.47479160565854
494.9670740074365
495.83906289752383
495.50575842607105
493.86341425440907
481.60315959519124
497.0031907120183
485.31148831311697
482.2861593560916
484.2968234142442
484.1946449778333
464.198964729926
467.08868311375556
464.82754233599707
464.8215488436247
484.73370062082324
492.436940889078
491.57591483211417
489.31629554401223
494.74338584691566
489.63013901430844
489.78018317270244
491.32052721181515
493.31416944386734
499.5621612181989
500.9955332037588
496.0078769012649
499.3861152922738
490.42735217306245
488.04969771344315
487.3457066993147
488.1266635792117
488.07905657905445
487.06469528987844
486.14198096005526
485.80437993432884
487.53515346557515
488.4523383735379
488.68348468548135
489.75831567572453
490.21877175238683
487.7656012178055
488.7474569797225
489.2162249521394
489.5066347461674
485.32936829518235
485.5162351927321
487.1917493468353
483.4682414171313
481.7117838930184
470.26751427171564
470.51169205342177
470.5950069773744
469.2443285979566
470.092669281813
472.3727167839366
469.02368928806027
470.43224564089434
472.7003922391877
475.4411382406957
474.27743977740477
474.5723788775116
473.19628273968897
471.7855195887941
474.12935124273287
474.0844733467998
473.24452600957284
474.11190495523056
473.61388450691703
471.548104584553
474.1880056155314
473.2444280486197
473.8710796729979
470.4444170789559
469.3107014128693
473.43956506534215
472.26281221768437
472.52127072835077
471.8229669035635
470.1929337659849
470.9813482320936
464.4787801202038
465.612324668519
467.06890385421076
466.6165282044026
466.0514361792457
466.5433113609987
464.9866075350479
465.2973796248091
465.7647822143783
467.50819740430404
461.17848122820374
464.9719900445627
463.9554790898468
466.56512292661193
466.43640922753093
473.67185303800886
482.78548525685125
481.8812847779312
479.9289225696882
480.0104929958557
489.81809534965186
488.4029235513414
483.6681524428205
486.7363957571112
487.5412042360569
486.20344501319966
485.63947303817395
487.44403305984036
486.2750662934792
485.5224852726704
486.85371249595187
486.0726219338451
485.3884298757048
485.31562391969135
487.43593973561127
497.6619347319651
496.1555194445797
497.40076520820037
495.383252003301
496.3004927094948
492.86454295326774
498.27647151917455
491.12707082299016
505.5088786972286
503.9266984335294
510.4437780785771
509.7380975701672
509.54335152447516
510.9005809350032
509.1025692598917
512.2860850009695
514.188261781899
515.7145333943348
516.0218757988682
516.6454771509628
515.6248368971825
514.7351905918918
518.998448435651
508.365113027683
519.8658168871957
523.8477268776448
521.9886291789129
539.1263018157304
535.1186812190583
535.2574031399101
534.4665356569534
535.9450455065978
536.3150459392995
536.5175118940707
534.8107489442579
535.431259424961
538.2641937060598
535.9955045111109
538.0937727245001
539.1093717625529
538.8906060056958
539.4831511471536
537.4582726584073
534.4650218265718
538.3333110685717
541.3534576934279
540.6821263355283
539.3068630413761
535.4366413303204
541.3572952918415
548.192664594716
537.0185910522997
532.5719008530741
533.9369010177352
532.4529178734517
534.7248196383068
532.9953830559979
531.8907077526794
531.9850355874104
540.4692339983437
541.2596146590823
541.4953672664976
540.7220750338813
541.3717365868887
540.2159707586247
546.8185040645162
545.877411221607
548.1390042706598
547.2342989733527
548.2346799506224
559.2067729091763
559.2643315137826
558.2386641343182
556.829980371234
559.6506011293782
565.155062643355
562.3039028725866
564.7138833417185
562.671445729786
567.3457999020853
566.2897804647008
566.4102616658465
562.1347221725576
562.8880375598136
561.8527679235794
566.9499103598952
562.4637503562658
559.9183708243314
557.2693498789054
585.180881156656
579.6679855776448
580.8915923605703
577.4091967057831
574.4194192783859
578.4599890686877
578.1050390105385
575.4512124728302
586.6681834174107
580.7609360251723
580.8869133722325
582.6607189417863
580.1892490260568
574.8421930927402
571.9899681983433
574.1262382638879
594.0976236396823
590.2710162280151
580.0107738476856
582.4183236098335
582.0731664808861
584.2081572875034
574.301719372534
572.1708163020144
574.1780357366438
574.3574154055495
574.6681622604946
576.3494537651205
563.5564807715415
551.8798437578185
548.0853434393649
549.8544270805892
544.6698092066789
546.5807907456948
546.3786717698268
536.0038177987997
537.2271548698241
544.5973917987443
540.565414929164
538.219274494285
538.0207825675033
541.6955031932605
540.8568678788268
537.8628586684615
538.2103278433644
537.3960964310877
538.6151408648551
537.135048237756
539.9945656610967
541.521833118299
539.9890806346957
539.022089421339
538.3678734180842
537.5100625878779
530.1613975778707
531.6531916917891
539.3536244062152
539.1971596725148
539.8047729636562
533.7131058380678
532.1859915381052
519.5280745393807
520.1170005800635
520.0419349249274
519.8479582007147
517.3541401625642
518.3254345110512
515.4816217447574
524.2330519710134
524.9712908568918
523.5668358718113
518.7038314254075
524.7915679635264
535.2101681087182
538.2026079007247
542.8985851284887
541.7861004534964
540.570590458559
540.0046193979157
543.1995631399518
542.3903960135932
542.6829983815543
541.6235050789063
538.6548172774276
537.4302594947947
544.5998654786833
545.5799415647502
545.2631252308415
546.3415956520554
541.8484589511386
542.5708463345568
544.975178268814
542.2727532580814
546.766672155631
540.3450080358543
539.8162196757778
525.7984465225703
529.6463056831724
527.3026388629239
526.744293511914
527.0724020418879
526.049160556759
529.5163392294901
528.9020005331863
531.2971188474935
534.0016772474149
533.6986295915564
531.3917054480597
514.3095733699694
515.7405831705776
517.5610206844608
517.0009822194515
516.9489389793854
516.7391017788531
510.7719557359961
515.995651704007
518.1443039639122
520.6763367039918
519.6845331157269
518.1435623603627
527.2661645695398
525.8181064289909
526.4898844240396
523.7259257558661
525.5791742577185
531.642013947838
544.364768736113
542.5304478056281
541.0790639507869
550.7510516086472
556.2238381235521
566.0163142611611
567.8594331768898
567.2640515364932
572.2784351497532
570.4741912619402
572.5273587792838
572.9118299048815
572.681224815018
572.6275214614801
572.0800624734247
575.4989643510727
572.4187388707288
574.5810254829754
572.867160120062
575.4832432178231
573.6542852093559
576.7286136522738
575.2854570633151
575.2214168069141
573.1865002803303
576.566743598116
577.2677168109853
576.638958059915
574.0781634847982
576.2851613171672
567.7261794015291
560.1153944034822
557.9915437263396
558.8277760452404
556.8952480581753
554.927487957272
556.9758345362816
556.2778827438171
556.6616890688636
556.6703421310583
556.4833793508855
562.7148366670666
572.6334759055354
573.8304972455593
587.015913972665
595.4643907866981
599.3821586524397
599.9618511136579
614.673275233971
610.3994376521966
611.1398268270308
625.1296902438821
622.4818449609269
622.5041679489914
624.3902254635224
611.1642996827491
607.1863045533167
606.5076678347393
602.2526093310101
602.1048102093345
607.3324863555329
616.0865172394493
615.1056595026728
613.2829375070022
615.3060060707165
613.7220779480983
613.7201100730254
616.9655752201387
611.2762605589119
617.6830087417576
614.0893503353416
611.8808556034393
608.2941995456321
601.2555993440401
603.1168333441715
607.6178539905061
594.743873556253
591.6601678489667
590.4314863348403
596.2628055547572
592.1195437959154
587.6053590700823
589.7580776352562
586.073781092913
583.2770255828062
589.4969538538014
586.9242071393082
581.4132431001381
584.167913629498
580.0219497587165
587.2023651780659
585.6763297195704
575.9436892392578
576.3033569677514
574.9493759252211
574.175314543979
562.3442695921945
561.1827929408937
563.0740337489849
560.3893410774642
558.9621832692951
560.474233588896
559.4860581172284
561.5795387808162
565.9450530976796
561.6619167438697
568.0329481539864
567.5563661192223
571.66076201576
574.7981652714992
577.0852958012326
575.7190034182869
577.005466481111
576.6992422173878
578.7684743980813
571.6573718650544
568.5412460861598
570.2917540642447
559.7892752666814
561.0913063350444
559.973496479704
558.1521201876905
561.3006743386663
559.5262844327588
557.3677098125808
552.4384523228098
554.795224016302
553.8130330292734
545.4295827640759
545.0381683533218
544.4200082824706
544.4081125406105
545.0232536301731
547.1074058598352
546.3295549927865
548.1506448847134
548.687091650925
546.9031831308146
547.7754062550822
551.2444001487677
548.1130318365413
547.3814800249339
549.1567443462036
550.8650108441848
550.8196370115517
538.1382220804795
542.451940850384
549.1767590414123
549.3340882347438
549.4103386019902
562.5106862783115
558.5349875553829
558.1743072494529
556.4896788153984
561.1550929509743
562.1187448018485
561.840962290978
561.8009918786238
559.2747223610387
556.3960516990869
555.0418308161612
554.8975266331067
550.595806200486
559.9258793688124
560.6773697403686
559.502821110842
561.7473662033582
559.9576108729573
557.3832237751536
559.2864416753407
561.976023007228
560.3455766424655
556.8004446894348
559.7517932580157
559.7894854476747
557.8776215020364
565.5144866410418
565.1662378715986
565.9440585003624
576.3849677462572
570.6430164564239
566.7370888098267
566.0240324016919
565.0630847380252
563.0244119245376
566.4582452345733
562.4253164094332
559.1535690034932
549.3127067120406
553.1271582191658
549.878995928258
552.3478065037434
550.6067202063806
545.1768088243434
544.9892988961564
545.5711184157004
549.1468959490617
551.9662250346084
549.557278427134
543.22615991748
539.5591178188174
541.487900462018
539.776427641734
538.8698512110166
541.1623905970646
538.644032932954
539.9640673905836
541.433712457904
537.1842153251077
544.5015958803266
546.1002108298613
545.7125407738631
546.8293082372703
548.0266977185827
532.4014913178944
529.3426063002725
527.538119997123
539.2325087090492
538.1728178184746
541.908717719233
538.2865474729033
537.3368220888922
534.312103084304
530.7918763630131
525.937488804069
534.3672413529781
534.4126109716258
536.6171592349704
543.8975595688732
541.2415867361752
545.411801558947
548.8905963877024
550.1040886170538
548.7451248360018
555.9560048394056
556.1387800535739
556.1397869642833
549.2909910617101
551.2428133848556
554.8738760720938
545.303378937839
550.3540850994551
554.6692865051181
564.7100862497965
567.6604536428418
566.4491298789894
567.8912679767891
565.8994110560959
568.0250920133227
569.4837144755826
566.9895090583664
567.4748663257843
567.7907105705722
561.5504537066937
571.7241315891375
579.7777972208395
577.8023463446532
576.8851544398949
576.4148815669645
579.6575134229846
582.9899345437915
582.9978186236439
581.8522287497657
580.5007108348315
577.315498527714
573.9048981150976
574.3125292870998
582.7168557868453
581.6211048462859
582.7328109967841
594.0323709782924
588.745326066095
597.695091952564
597.5645289280171
600.4364742731606
602.5397840531256
588.4785691015866
582.9088296040328
588.4894593348579
581.928733882973
585.091233773653
584.0520680709832
578.7842549065522
576.8612235910892
577.6378586350396
583.1140519560078
582.8901267584961
572.314727751947
567.6284375017513
570.4186527070411
570.9062348674344
570.9734940013108
573.9579723986883
572.9645621307488
568.2796542407068
558.2089553938218
556.6523264196536
548.2987692631426
551.9883304996586
547.252839743599
545.9379880163493
552.5003297439748
552.9280438376654
558.6457788258292
559.7864873232452
562.160240874205
566.4261870924846
562.3306194409736
571.3297679406323
572.7439618488633
563.1614855549184
562.5222635825266
564.0965810130358
563.731187721695
568.3676304659226
570.4378971166607
567.1039726071614
568.3029801293712
569.4804478845529
570.1092286318607
569.1782725970095
570.464321314159
564.7452160832015
565.2744500738526
562.4662821299179
561.9474169022485
571.9907700897724
568.5249709934026
570.9989633360439
567.4600135733074
570.7399137841544
568.2627277621923
569.8487662505946
581.1736395933827
581.0408249158224
588.6703692259637
587.5593040710377
584.66892285235
584.555129325447
583.8410079158732
595.6201723602474
587.4198072736957
585.1749201862517
599.8967530233094
596.2067866736553
607.9312093760487
609.7611837587805
608.8459937067712
611.8037728542341
609.6873357154781
613.5554404146691
611.1564161438095
614.3500548782399
609.2635155327052
614.4590912586783
611.7296539619864
610.6516388557833
606.2663322803293
614.9780008240082
617.9324458538755
604.4016489208553
599.9616108417983
599.1054677801894
611.016572983755
612.6079437351989
613.1883475642679
610.7320329248032
610.8858783107057
613.4643793778067
610.98658145116
606.6608921448707
607.2630877059423
605.8643532496874
607.1795277828401
606.1578455012152
601.3654545782334
601.1307889889678
603.3067939662883
599.468827099753
592.4029042907816
591.673224314106
585.652352144256
575.3887767080372
573.4402813903197
572.6855752684178
583.7122704055015
586.510048815917
585.7753284418893
586.4783828876539
575.3990426784451
575.4473515867882
576.3901292198018
576.832151863047
575.1451845018191
575.0289848612025
578.5243862151563
579.4033135782416
575.5786634499494
576.1333269290903
576.7057165462433
574.3104549515091
579.9743274114672
582.0971785481397
581.0749696384696
584.0339666865015
561.8671507069162
559.879976688596
561.2123039909023
558.7206302468377
558.6198601387886
560.997709168998
557.3044211526911
558.5270168502167
559.9452899723517
558.4203139062704
558.0499776590159
558.1720974175132
559.7020183087881
556.6948138590765
551.1628477688522
541.9444889552512
540.6175223178535
543.8823394965796
552.907460390796
562.738670377513
559.4155273061867
565.5930622391721
557.2108239588234
562.2029394571999
560.4362118893812
556.1604553885803
555.8159397427308
546.0925084313031
546.6874850677312
542.4418936284395
542.9701677825117
540.7918754130181
541.1075341747548
545.5889112030264
547.6848880012601
536.8135725400846
536.9182688186463
536.8270734842797
538.592148571172
541.0236115077013
538.0054142817888
537.6187045974247
538.1962350731646
536.6952008329604
518.1040922253051
521.4288061518059
521.8500945458899
519.6222518446544
522.4990360917063
521.1020596595085
521.7178185635594
522.8242200663841
524.315580003339
525.2270917226467
524.085995836558
524.403307459425
523.5080451064765
514.2307104231332
514.9442572588121
513.7041468670526
511.6669929689854
514.4494142161453
513.0614734668997
522.3511562494808
519.6321422989471
522.3373934909339
520.6391395382082
524.3173780043286
524.3821146857514
536.1983029241105
535.9903642629026
536.8103575355645
543.697248047667
546.37668444053
544.1855592988691
550.1713096427327
544.5239069176661
545.5685633669191
554.025358646743
553.5980983186319
557.2851438512175
559.3918905724616
556.9157625437258
553.306273892222
556.0601077710796
561.4055044581016
557.9731774880821
567.7895861792813
560.6239955006805
558.3472307374952
568.6574667922081
572.1793278057395
570.4987551709407
567.3357230967093
565.9028568410513
568.5067532251172
570.018495572295
567.3520041614192
553.6996936858862
550.0469631372163
550.8544583374876
552.8636734607887
553.2355433064898
555.0755549157019
554.9144138996089
553.7863880859356
553.5110151028116
555.7048499507815
558.6690498698299
561.8616312807621
558.0604650375708
561.1803937183053
556.8231889141942
558.690979061271
563.124797986659
556.3471591980949
557.0608405931882
554.8535978571243
544.0784986891066
544.3620476152836
545.0901383861922
556.8324336566266
557.3344438088326
556.6495310239002
554.7777515790259
564.3263281806695
568.615236528396
568.768129046044
569.6605069241017
566.8318374853799
567.3118077971096
560.8511492828088
555.3603318024695
554.9460648669888
559.5434492659468
553.9249065853008
557.7827707161775
564.7124665745458
564.7070947778758
569.125469359185
569.8465285449906
573.6870919671591
574.6491318321988
576.3102453498369
572.7033096547583
574.9734514128891
574.9439255078663
584.6997716737568
589.3920360125509
585.8363996858287
588.8216141414207
601.7724370850963
597.5740121347256
602.1518805982125
607.1071271382657
604.4822156431733
604.519619895403
605.7592813323452
604.935305499535
603.845644881057
600.4674490714269
599.6020421004911
601.7975480194046
599.566390936084
595.3108811274617
599.0868314434814
584.8131671567658
589.5847139580655
588.5229715839632
589.1331672256374
590.2656646456479
592.9038843721495
594.035989881115
592.4991241128383
591.4059616927501
591.6374629517978
605.4748546382364
605.8590000504457
617.3806764342759
628.5264272246951
623.0236661118606
623.1634986657507
625.3946551417208
619.7242064875968
617.3545641541799
614.1472563588221
613.6475878387171
606.6318433439349
609.2396499298852
606.6031256002615
607.3709890805297
610.028008995039
614.1766386510463
611.3347648898159
609.0485776326458
602.956567035235
606.9669453623624
603.3790589951201
604.5209075542941
604.148338767796
602.5715655972356
606.8983310031799
607.1802040193799
604.0922775686831
607.5724366966658
605.2294963002709
599.9559013794193
598.3159511941543
594.1368249155722
597.302832171321
596.0708458034726
602.6169999861971
600.6625453201541
600.3688265191176
597.6671042874249
600.4564719793037
587.160926067301
587.3129698013277
585.4494798935037
587.3347285169671
586.3785430880653
585.0129411542875
584.5569147203413
596.3019224767137
594.5042569563748
594.9719393283723
596.7567239717714
581.5073166655532
584.8874098105097
583.7528014683858
582.0932969170108
581.4068521006362
582.7517526570651
598.1676821307829
592.5209998504087
592.6516173555038
593.876513074761
596.4506405783881
595.1368316942181
591.5199253848716
591.5572307784606
594.1274322527091
585.4951940542388
585.5016847047793
584.3193951839211
584.8457836751734
579.2706488105931
584.3773926002237
585.1290175156167
582.4087291452839
584.5895086122918
585.6300241049936
594.715009589948
600.4041021719461
603.0358725892034
602.51728347748
601.8064533985207
611.053997313489
612.2345845770905
613.0588409241972
606.2056435942085
607.7072556292122
592.4368933997854
586.9360483122207
589.7423534788101
586.3413479563859
587.3004994479683
587.2004804449627
601.4991274791199
601.6178499431693
604.415470805031
605.2202698665984
605.9406258634543
603.7794670035609
594.8029576341162
596.0581517533974
584.3423413473196
582.4846612227064
585.9523482942565
588.1106285392982
583.9615253070424
588.7007204122498
582.6714904822596
581.0435234945087
581.7872697758337
582.1373723418392
582.1191144379713
584.9211637942491
582.204735280658
585.6555966803944
581.0881889187193
578.5404187551007
579.1379991724784
577.3556939475533
576.8678080967074
570.2119171368407
582.3931767013831
582.183723769516
586.3832785473505
583.2211780746605
580.5617083858489
583.7532282181369
587.33425092346
578.3408363118845
569.1477373193411
581.2296982609447
578.3730094365218
579.6456837498561
577.689059542288
580.3268541335883
581.0237264721266
580.0830585940004
588.1590426389416
586.9264665295767
590.0666205871489
589.6740827892594
588.6014278262746
587.9050317786517
588.307483442679
588.4903535136685
588.5055092945735
590.3491646423583
588.8359096603202
590.8419112216909
590.2195776868408
590.0964240498855
589.7939611869044
587.467299492865
583.9929555298721
583.7220242967845
583.5290955859364
584.5407055343517
585.0011865242114
586.5558010125092
584.6620552800814
588.1417521003631
583.131033585356
584.6291570031219
582.2192644330064
583.1582081581882
582.5073335326343
582.8316314108308
575.0218202687329
573.9222113169593
575.5641662540804
575.5572111051478
575.3405827801698
576.7445575394989
569.7121044842647
567.1556979735319
567.5642823978174
567.7406022135796
569.4229194232441
567.6442360526653
569.5445443643628
569.8811368416976
568.9400703914905
566.4343886994095
566.2511814242778
570.1880619772389
561.2601443299974
558.634774567942
556.7690167906223
556.9232307089582
562.6808184601051
560.6393223857325
560.4271872246813
576.6019537374829
573.8160258977869
573.32016822365
567.5347300530217
564.5698261416798
566.7124813473148
564.0827198877369
569.4867657113967
566.6421209346533
564.0857700918001
562.8127474992942
565.3129365146526
564.9379201189497
562.9867934243429
552.7922099759554
555.2644691612459
555.9552433936818
555.8968228820659
556.0522204245362
555.3359001296363
554.8435233099127
557.7784115861905
556.7391526761621
556.0512146327108
546.0131637094348
546.8263551308905
547.6159394122164
551.1496235305913
548.04242834547
548.9020213957832
559.579626727964
566.7449206646347
544.849366945219
543.3421316800055
546.1473567972657
541.6818874329966
545.1520444740926
544.9196545981399
546.4664228669159
545.0051185217012
534.6515243542893
533.9745242274336
544.141353291821
543.5010254849327
541.9747067473004
542.1979423980596
539.2338939669173
548.1733518347966
543.9803543348615
542.7106136000831
551.2654915568764
551.7888738219881
552.8214632309231
551.9332358290047
554.3493335808795
550.9310524064322
550.8275675221302
555.606283628669
554.8719432177425
551.9368760797736
553.7356708141533
551.2823118187887
551.915633593931
551.1103556103509
553.9909757488025
559.2187741751246
556.098808439434
556.9479729717191
543.216192259226
553.8578254503554
564.6901378105812
563.5420970779959
562.0591333263837
545.9683816668012
540.1492890724812
538.8035731125864
542.4640659843375
528.1320762239591
526.707644875659
528.1450850515257
525.7884772244155
527.5602966855506
525.8060341740934
526.0990208783486
525.7488366621122
529.0159093276428
526.5246221313721
530.9320644900127
537.9850645139014
536.2216399750652
541.640187548141
550.5268742924837
557.2783669208304
567.2213517065599
569.5624309462283
567.4725212950808
582.4203074831416
580.3432949413447
580.2095173611646
583.1874021125795
585.8273341979778
582.1483857901188
584.7553969341623
583.4845983684129
577.6981812798339
575.6010274948264
576.6437244027356
588.1014002370143
577.1852904861438
561.2745925898564
558.6934431429771
559.6806885171632
547.3275717077782
544.4682196601765
545.5686461558203
541.3352755583691
546.784733880531
547.1434411404251
556.422104356698
556.0086274406927
555.9735071175293
553.5334314384642
555.2141821135921
557.5913578430603
552.8544026018565
554.1229609778923
554.9972429862979
554.443283924521
554.9046645326314
559.8254450558122
570.8203121408424
569.8224789530021
561.6125645767098
559.4417621236165
561.487795094555
563.4630545706467
562.4520867122905
561.2971060919001
561.8346922522131
559.2239249666175
559.7856816615358
572.6210956328549
576.419949361922
576.9970672937326
579.1081487851592
578.2267767219512
572.9518993074794
579.2956748503162
586.2021186853007
584.657979624322
586.7921454128764
595.237561576728
595.7818389470924
597.7852025593788
597.241066144593
596.5070819295279
597.6210275618562
600.3706341243395
593.895011749223
613.5239318579673
611.9768302045296
610.8781553659884
614.2062862354188
619.3704940016033
615.5800990847138
620.4240502158445
617.1522631807976
617.2095969063552
616.0582595356401
617.7735087699107
614.433025259155
624.4242320538192
621.7620034727792
623.5268205946342
619.8969468199955
625.1869930701682
623.7567047906012
621.4859849647218
621.0325475725203
609.1094210155077
608.0984378499866
609.5343790935884
608.973882379453
610.3331362405931
607.5469886597701
590.2296141730595
590.7931002333572
572.1685849197972
570.194499118823
561.2197626931746
557.3610906693293
557.0061660105603
568.8523508264403
560.7367725764298
554.9224412132684
549.7236920269983
569.2629446164206
572.0006487159183
569.7150685353334
570.2206424758359
570.5485017218635
585.3796459085221
565.3573016272588
563.1591425679609
562.0902868139801
562.587203130383
561.9399327078994
568.7888193872053
565.4139130668166
563.4178395072321
560.9094411749813
562.9543693815425
562.5849638334948
552.0164944331887
548.224340072248
550.5851686170205
545.9292109183892
545.4112345982418
542.956083812228
540.8868452086634
543.0046156186576
541.95151128233
533.8891190426102
532.0718289263503
535.0557460475345
532.6133576021473
526.4001708305763
526.3868244559975
527.2389616145588
528.2394132240269
526.6951855867811
527.1933759928899
528.8093746631548
531.4118843227152
531.8492757625726
527.7773981711446
531.2607457317829
517.8230789581548
517.3137628304149
528.2622048708083
522.8571545398415
525.1984976698539
513.7032508543798
519.3043051888696
519.1005164332886
516.1410749270111
518.2702364887887
518.4280086763109
516.7462257793268
514.0775793231209
520.489733530745
517.1195346748669
528.2963856058054
519.8836152696188
519.0760115877697
531.755074627917
532.3940362194138
530.0726009496567
522.2085809287888
529.7445617098334
