69.03623058082042
94.75001425654787
110.7816996230228
107.85773453872031
115.54984804400324
123.49855307975851
109.70769376649976
127.8000655196683
130.85217570419923
133.01570654643285
101.05145682869764
111.65885822769621
93.00052065281174
117.79123349686498
104.34600923015465
102.95183525787618
108.59873214365311
111.1527600856968
102.88637033551402
102.3910394201388
99.9739550219023
108.73254740366146
107.24147685965126
104.39670129021972
114.07863992255828
118.80046230820243
96.15009549942712
98.93312306233307
120.20573545950789
113.70716389531101
115.58414396270777
107.74446407405351
77.97486585036485
134.71639037402835
129.8643587255549
104.10382331426744
106.71942117858201
114.75567423707997
118.61240624944077
105.31462082215893
123.30804416758093
110.79201868231443
83.28177385220567
111.2980263987832
123.21830253691684
126.56275148583676
126.22360113348503
92.31119571590249
102.62253507572954
126.21122013271172
110.67454897411645
118.22181325787464
82.99852688777064
105.39700847805409
115.84605948773391
107.85023477860791
114.53605602213645
135.14918546229651
122.55963415300847
118.8806288547361
136.4390548934824
126.59634031965449
118.72671544616561
137.1860834767714
123.35909180083316
120.25016211451909
116.94182057505304
153.67015196821825
146.12043806811312
138.0604677677483
142.4207543112442
153.96251061798222
161.30781478585456
162.22802657673603
140.65078505019395
159.0075814068828
145.58396830991563
138.17382868492575
157.3576494304917
176.46889296962462
153.4248853113011
139.6712573781411
164.92669606775564
170.45165081300004
183.46755234063716
177.22713224541653
154.00295353171222
166.16938070346228
150.364599873533
160.7018588068764
157.04386266038827
157.49509022812833
143.9893544224228
122.14407406193439
110.80997609666602
137.41160822132053
152.49543477573164
135.98990155708125
158.83880220527354
156.2608085970668
161.59095052037657
153.3022158896127
145.34928311793638
154.05123541246354
153.3878003459474
154.59777348752786
166.820637459047
175.3995889056601
148.6111144546116
154.89944040166506
139.28512598074454
144.30568224758417
158.28605778007892
157.23574920834434
166.62667651993902
196.07837738594154
180.14469217101245
184.79067257766604
185.77868944504664
186.74035721065715
161.23224588291507
158.06778381521923
156.3935955680221
157.07339958798525
160.6044335302246
157.64364833382908
152.14971879531274
146.6193688238551
160.95363166730698
130.91071593143965
145.4358780145696
154.67079258936687
159.23729286421363
161.61267176201545
153.21319618719562
146.15461701827806
152.8130833421089
148.5517062924352
158.54294138694746
148.07282267226958
181.4806052529758
173.19824475618387
156.44904441005912
130.90865224333496
135.8719936509853
143.56585519415827
149.19108873105714
146.90221330267374
152.05833048322827
166.47110543083173
173.88475114931794
171.02858083156718
172.8801296294849
132.6819515500108
150.22640573498447
141.9921439061043
157.37267716273266
141.6403043093394
146.48651380610625
152.66264506924213
150.3753940686828
155.1344384693782
167.1722817434869
177.34056203604032
180.15049060055586
162.97633423392665
170.21649666984283
168.07070691791756
168.4830514593594
165.4441266832436
159.31540678665743
160.67135427138754
162.2745894648122
157.18091625900453
141.19607079539614
138.0238100359341
140.23937306673554
172.29176936407234
185.64199377187808
188.2544106129306
197.90382561327436
182.11858313479905
177.33558269218338
171.39086775367343
162.5651949104835
151.056691497966
163.15456793585943
159.84628955070127
173.62219443918744
176.4304729888201
175.59174523936593
193.2581367030538
178.0501289380146
171.78126559032697
201.60199287004306
212.30642784395752
182.96492202146854
135.15493193863347
131.92812024743392
130.43365177784307
147.5719229849631
158.0314262287924
159.57184650380213
161.92045257669338
157.07928149384225
144.19851374957238
164.2706327388277
161.86430016144732
169.33668326863875
165.42983093029108
169.28930539712945
173.8321986643398
177.87496593996138
172.4008936500382
170.6334433986923
155.55680277951296
155.0067784618215
138.96796284926177
146.11459913162213
149.54935438503628
152.49537596765882
127.0948196145215
135.243998483077
134.77870050510577
127.64163824305324
140.0661254332229
155.48967741199948
167.4430710804821
161.76487670349977
161.92114091540242
151.6712898499045
159.87740361948477
161.785249744745
141.45618345239532
148.4182128610989
164.01599448449312
162.6110773933049
152.71084522157432
138.72220579394892
146.62508228148823
140.96958655562642
175.0851785540547
178.57289174440274
164.35122371691233
145.48707160176858
141.327679421412
160.79249817257468
162.1682586684361
155.70387222148796
173.43701591735902
157.04068763687326
159.34502952476888
159.8543349097914
164.81485856965844
150.33216620186462
144.19203254702467
156.4331380586022
157.8288024290508
173.75845695794985
160.40542424095472
168.6361524192784
156.74340551608879
166.77961336788977
151.43875615614252
144.09174113063244
143.89514481191097
154.81549819233553
155.67807244704673
154.18291511860113
165.90430565012983
203.7495930383007
182.1519806895048
164.4608759991891
172.76132206392103
176.98360332123855
156.3316321537753
173.56803142109572
164.40469943302534
155.56241952459368
157.11049565347753
170.98106323253046
175.1091924860223
192.2626769060919
150.05363703374164
153.08947160607016
141.73503263210986
160.59651321916928
178.7793943596479
165.41604793760624
174.94913823402197
165.45094945501066
155.04330796167235
119.78471341208265
110.11501099048184
121.31798447101646
123.41165070789111
111.86422170877721
113.15395167152992
118.96886621144276
138.77746702110414
134.54071754880178
136.80695264811348
153.139481603729
159.75649696162375
158.18975193325633
159.0185627325742
166.69225884083482
155.06429498108167
159.11752134858546
160.62089302862506
159.86777623748344
167.831601877311
143.31933346529405
128.9238549829658
140.96651006324794
150.72194311189693
119.80016345596138
122.41420335768196
124.88864538687818
123.7303267358101
113.86733052343479
127.14557400115345
129.28145590040896
133.06220361515494
134.42676535480564
135.59530808065682
140.3731042930124
138.42229722377485
146.7283645570719
141.57024617765785
129.42351839643516
132.76992081785286
128.64495880887952
126.45276692734822
132.03881275089222
143.34426515514792
154.48098947003373
137.40852913538694
134.371733558525
136.22441357936398
131.08360948784642
133.03900090012783
139.2830000407904
129.1427606879157
134.46786234459935
135.6765781285808
128.7695460893289
102.4283336282738
115.1662289569371
134.4826938178261
126.57860002027148
127.46565771471806
122.35330452139999
122.19125795309124
118.10882378860377
112.24763070237836
110.80186771613589
111.30033064142015
109.88673143024478
112.15600569509785
107.49554996854512
104.87545084346107
111.86742401781027
101.52981404073556
114.58292120487184
120.46884082800653
121.11941049092223
109.87545141642319
111.01157819305696
111.43724674360303
113.28156591107742
108.88199328087713
113.61760178615314
115.07630693987687
111.62139862411712
118.12787847329828
119.11429394246984
122.09914961051993
114.61070649677534
107.10328077711853
122.91021666834743
128.85922249160475
132.93201128273088
123.14420175731692
106.73604142670528
108.21628130973586
118.39512318472393
103.92371861043382
119.01770099797818
120.35360231458341
133.76502459096525
136.98570848353583
147.14228446082993
150.41765638212084
152.77353929340103
152.63107917618433
157.24012816108655
155.26499463040832
140.23748804639487
135.14483885687378
147.9081218776402
152.09944965696363
159.1313983438711
157.4242661896384
156.67766942865205
158.09457441281506
157.11395652000448
166.62569106417646
160.41010858743473
151.02686861663508
143.48272163591653
137.93679822280257
144.0008947533385
156.01413748150065
157.5166664633367
158.26571714885628
161.25392145890717
165.92942609490925
153.02298149267347
157.84990916476315
163.20938936078684
154.57479768601442
150.64576535615222
148.21460562311853
142.8032845778088
140.13603304857776
158.4628999864529
176.01978854920011
179.68038251469204
176.30604454751247
180.17541264526315
169.48510002510437
162.00902461508747
155.4269452680562
143.3657900660512
150.45367102568613
160.104161268427
168.99736439691904
157.40633204918475
168.64470704132142
167.37022865137547
167.1185305527743
157.29373380605256
153.7777363915176
162.23867391391155
145.75385239385184
144.8978493656983
153.5763545153784
146.85897151030693
146.43131094350355
129.01335496065164
130.7759327113713
122.36562310964973
127.87005254399313
130.8090512788387
132.5116960227687
129.7002533419556
133.81697496359126
136.793656305379
137.92410748632585
137.99811469367992
137.0942217942764
128.70737994800544
133.36375866274685
135.25012129619495
123.97063680033642
129.09161889555614
133.30069511561982
134.45446111757417
135.9699744763801
124.29297633778332
129.9791018054284
133.40605422473863
112.167414869011
122.9896194949146
120.76700233680064
125.03068990574319
120.09239421439287
137.0797281652082
138.52019068766847
128.81241757808024
130.03693432262722
101.82794372949502
120.04333731884883
138.49601287797785
148.51838882702157
153.2052340361672
154.489544329154
151.96336389016332
163.28555314186823
164.62373239918446
151.17886781636253
150.27854408772995
138.8188370610404
134.62311840251311
150.53167803557125
147.03975154798127
157.0986683705023
157.55948497644818
160.2896202519883
181.7183901952356
171.59984654228703
164.87305575200565
163.31824208409913
159.83721082500614
158.77722456326674
168.3527350918956
159.61602343845053
154.64699165186178
158.1039424535445
160.2504798827812
167.8605563812558
188.19276115488714
168.2611096526152
174.07539545961362
164.75484856411913
170.71304354225953
169.04396578073883
172.31313337659677
158.74339305726403
153.88543508871558
140.5030061783623
153.1497901988463
141.07390682403198
142.41424972584326
159.06765349101303
158.2065509631201
159.58767611610432
156.97189136183857
164.92102185955005
170.16843068724674
157.54939967773245
161.2240562153848
179.09495542688092
158.39504149484526
150.6621169775616
171.09507973808198
175.1524941993459
171.88877384879254
166.98858212639766
172.62364097013545
173.72824535995144
180.00943150053646
162.24512064939262
161.24597687357414
153.39212301970542
157.5530174797271
156.52565925907155
171.74055248533028
172.7454417109629
173.76003746277453
165.0320326902649
161.54367849590696
159.22456324465438
173.40862927371455
163.1258085156799
173.73409360797228
173.19325584427602
177.82538236504254
177.5116814672206
173.9100184562303
182.21200353167498
161.14517762707706
162.4605600769596
159.9589293784806
173.68357939352464
161.31101841083495
162.49871958641452
165.0629842987647
160.7586224897113
159.5398715952431
164.33048077237808
162.74377468578513
169.08007917792327
183.69915928841186
183.42020106412014
189.24907701805108
175.91760191708588
169.99608820986356
182.65792177334924
181.03740970703697
179.64279770206264
158.6666000718283
166.11717096720193
167.72692723692106
176.42650282723977
177.24052937780314
178.25822414599344
168.9267779498394
160.4274581520752
176.33587345281293
179.4419900958083
183.83728387339136
177.81442434593754
178.20782244388997
173.3271473421787
187.10815344623796
192.39118787824214
185.79247876627787
177.60952016934763
184.61673186600189
189.8486420092529
176.32107173224293
168.7247707055121
170.71981116014072
167.49287420309136
163.65720001470987
178.59784169592965
202.6245393355976
218.2219522297037
216.1759506524248
216.82568431184538
229.2560809557999
210.17798597856822
209.95233308694836
193.37826539207467
195.96873123313168
195.64042033324122
188.63262857644992
187.02909007754124
184.07109390042962
194.68217957548927
187.71217560964962
204.63475579368315
216.50986496285927
206.41575880010816
201.8282548071126
195.5593820629713
194.12124131553867
195.30685178051223
197.14886208166095
194.49299063544166
192.25901549341404
192.4499598793056
183.43342569286332
202.02980188566409
201.67599500529616
215.66245024861595
203.90182430512039
200.41763630973458
205.52996655978856
206.22875663530917
206.84693566749326
201.40491961036543
200.39109857322072
203.2496318165456
194.54842983065313
191.14303167610606
193.225821314209
217.1659602951876
212.6757874233867
195.97290963476956
196.89171060338685
189.73211285358045
199.32020583195617
196.00576680718743
192.22106498814261
189.54906509119382
193.84416544819285
198.76508889962247
192.55710453885573
197.30721406326032
188.13119924190826
183.63653838371354
182.88046706362405
175.7097408751122
163.23259506833776
159.49618500911217
156.29823833561488
165.14118110663293
153.3235309199434
149.0171730401033
146.94933922609255
141.987841614815
139.97623559632808
149.5961185525852
152.1358425773325
150.3177385230781
166.90756069031903
172.74345174317304
187.20478017829174
195.60734562593493
191.77207204601442
198.33538335955856
187.74329836206803
206.0790585897299
198.80579281448405
217.22410829185645
197.09368445474547
177.5111213741377
174.98937207513683
176.68403529038775
181.40317353257294
180.22696141914568
191.8718780886361
190.99980056174502
186.24401599444846
189.03516732533214
186.88751498756093
200.55176334650395
202.80968972927937
208.96762889454968
209.77777936272633
211.18634941734078
213.05589706493828
209.53092132234656
192.83734232881852
192.30216133877406
194.28168826818657
195.73687243900133
173.12480604276863
179.85633798295262
193.54974708852154
191.71759755053174
190.846713937119
192.9320087279125
179.1360228915337
190.2521591031179
194.1705388912263
181.64747499191756
182.30518294669994
185.903312067369
194.52477819842386
196.7806888576729
198.15395729672818
193.18142753131428
193.99849620562316
192.279521894408
191.67613425882564
182.5171342296098
172.416885352505
166.65639407244723
166.79416262998942
167.9339060605251
180.04516387421393
189.8248671587174
194.280854352422
198.54551597014003
203.03216966205218
204.82725228821863
194.04077360269326
192.44770391193794
191.2298190745385
182.7062118298703
172.59247186898926
160.13435339024855
163.64036859081332
175.57985874981367
177.44619789861392
169.78742740764858
163.45951280524847
164.00417019411134
164.80593520260908
173.36951675135543
182.6571751435827
177.7784206139163
166.67947209831073
171.24893324236552
191.31067013588788
184.07491599180238
178.94686762240858
187.50862244386585
187.4374047581579
193.45075409291243
202.24053590652247
202.92563024219803
180.42262693490113
187.43406360580587
192.92926108376128
198.794127648785
196.02527769360836
200.20246757552735
201.37635831070048
199.62339816141312
210.31347186340167
199.01044230474244
187.92175757361005
209.30325779846487
190.72373862611025
193.1604439262816
202.0046503279756
200.11266261478445
188.77170866353268
186.73064922212814
198.24495778299092
206.80145787096302
203.56106347137975
203.4583487837195
195.3498522390571
182.62480604838106
194.02831463272182
202.8276453364055
192.65523703198608
188.12943287290008
195.1502682552291
184.80093688201117
178.94511714315905
182.88297620284678
171.1035685497325
156.89594279598384
152.7574405529948
152.66772111939125
157.8625661328839
170.4525217468405
180.54281943009337
196.31274648135377
190.64474307133472
182.4478908231085
187.69998155000258
186.33339185986372
183.62868429298388
184.9222401471928
185.43121824511866
201.4794236280812
199.56040739689522
190.36104514909906
191.42234494261294
216.54504434259005
208.0358861817208
197.42186727192103
183.56623910730815
192.78492463129655
181.1203939978741
184.01829479584862
190.7010792051373
197.05491526007683
187.4990426882581
178.1375185445312
195.7763271310758
197.0665346307746
198.12299929982086
199.60416874121023
193.38750142771858
201.9463332401299
199.67854824568363
211.70365870663835
208.6970636785008
218.7681844265749
224.26850203456556
227.75982381155347
215.5556243563804
208.21148198196545
209.87846421079607
211.21454591988078
197.94199018967674
195.1545172986024
177.16605804310242
178.9352952719799
172.45459695826335
169.9379080324716
173.5676909724557
171.15565348235637
175.14275169118002
188.90066609904886
192.89574743053862
196.20771598580998
203.76413992086123
204.54378589542327
211.19707787031325
204.85097712318802
199.0133979065895
200.43217546765413
207.04624467356217
196.61118893716505
204.6627606816466
196.51401099551455
194.10613784115176
203.17999600340553
200.1455892602494
204.88948667617814
202.02228112923402
203.8812513996575
210.89650926888913
204.79282474504356
210.1000011421802
197.35654237586374
195.40522099057517
193.86432972670647
204.58322451311332
205.08003104814856
208.63003026745366
201.9884285663887
208.4413757457809
208.0751661485755
200.51668453078207
194.81564933864968
206.0810488016659
208.0360349729623
194.504675249502
189.152536021547
182.2403316131334
182.25189302833212
183.4004801452332
179.14882715357246
176.5497888740083
174.53822726009867
173.42128432049455
175.037840920628
176.85845473534292
174.9914748483459
170.6152579061225
183.93735734237703
197.77849941512827
195.26694241860912
193.24770619033646
202.7241993330183
207.6602836839842
216.38529387857147
216.28150893997199
201.15080789655383
199.52025767959165
198.2584909065852
185.16088050721734
186.9398882361458
170.21749020331754
172.39740322113684
164.13713213894414
162.0219021703847
170.06381428921148
167.75199086545712
172.758055009794
174.02631500029003
173.66254253583222
184.21486358401594
195.51676289577085
194.33676446230953
199.33826349472125
199.46235085963477
193.09206605757228
179.50757622001854
177.2679704210603
182.89893654938118
186.37941084800605
184.45466605103647
187.45066523191417
172.88040833437825
165.17847402614723
183.02045478126942
186.44242979085047
185.100430188952
185.1112083882645
188.55026691887426
186.79326779529282
184.5771872434689
191.82129454908605
197.7035416238063
197.87699775637037
186.38936393761563
188.42137989560567
198.20797130898225
195.09249386545773
198.37615302825125
197.64322420056058
211.63970550951723
192.25028070295005
197.06446421836895
196.42202616459673
189.6417561621197
192.0306731393877
195.75257568856205
193.5528399559165
196.84520616207055
187.4463070577464
190.7650850943121
194.37113786639688
193.40168060943222
184.99780870301015
199.6199783853297
191.83003351884935
195.78299951149876
197.0927359130123
195.41236100600784
197.06622070506364
209.40598157330257
207.61263345115702
202.95327104455444
203.11245473763685
204.88286235981434
203.48266123731153
200.42918556598826
204.83323755290647
206.0923634777604
207.12413779288337
200.9959257455428
206.01775897396067
204.39576136409462
201.71840035414937
201.76750413753982
195.15480477400158
194.91254772246384
189.6577891568647
204.69482377990585
208.14682311993406
209.43466547247667
201.89839202827187
206.5923748916771
218.78160140146937
213.7044152242946
215.46406068438745
217.8242873038514
219.1119112967182
213.10337375260303
220.87008763927793
229.64771434566092
223.97359929628792
226.24210790888154
228.33469374162593
228.7041917691977
223.09122080317098
232.88808767239382
229.00066330998405
226.14060994322946
221.51648358169257
211.2232770946702
200.62053825150448
200.29654342864274
194.98441753799872
202.88790724552388
200.13079312723556
204.64585969577243
199.45794150569847
196.7475224627934
197.83523992856027
205.1129687807544
209.3668327100892
208.27516991592034
201.1366370644167
198.66190288310716
200.13553490663833
202.80930906963417
203.97792519368653
208.0878875762539
206.42769138462126
213.21104243521853
228.0835266880663
222.23808232258483
225.3442090443813
228.2106948444404
230.20969064827645
221.69644050413157
216.06887216867116
212.50467034646854
230.5931401469214
225.57518586882833
220.24900685807555
211.41323600005376
210.08062002841365
230.09850025453056
230.80305473103738
230.55171320387376
232.71418400302215
231.31797979214514
229.34819996169637
242.28591933702813
244.20323562335875
244.93912595652677
242.25882633663682
242.81948689563242
232.33236181818415
227.68290038016693
241.47123077410544
243.13265834466017
235.29974858575815
234.6436614216432
230.4680381753608
241.97575151320225
233.0302956797658
230.90378727847815
228.80310379473045
224.66299071605985
230.5950864532183
238.7292794137615
238.12960408709117
238.38629162325734
235.3948306893391
234.56652655639095
227.8996676269322
228.4169222515439
234.8886266435492
242.19454914099867
228.46604033631039
230.5278721500339
229.42237029059203
237.03074359334786
230.68333366159663
224.16378637345335
217.28220822669263
221.56798684062338
229.69382600023056
251.70851227539046
253.37673854285813
240.88493669585748
229.67006872004865
233.55644670392985
230.6780170146923
236.4488423373813
240.37768476661844
250.8649793605543
249.59076716207989
248.28688714206734
239.23715186234094
241.52681227992196
242.42804807764585
240.93388523223743
236.35727075434136
238.09355915535787
230.66835489625282
233.86493998954174
233.59731927331197
231.14138206870555
222.64192308715076
225.3488209726797
226.11812934611646
223.85668345092816
214.50403582859252
227.88610029704012
226.91686567592978
228.88364010049037
221.15048577020914
225.52000451606642
228.6733618479129
238.43990683039203
233.4447216126444
228.23332722753935
224.17505911165452
223.68960461608864
232.17599971384666
229.79756364268061
226.47137321175978
219.04097399136052
220.89791301258785
218.37844785359908
202.91766419649628
205.97602587042098
205.97763341332842
203.73246289075456
202.7251339341991
206.85183496046434
207.5264549415873
217.9860170567638
226.81769487346125
223.2479018522081
224.38484451431407
224.78557123596573
219.13018528457758
212.70663816794487
217.77263791579196
212.47432994226043
223.02604306594029
228.52298316999403
221.91590455173653
220.43106112389017
222.53321948154803
222.10395346368855
227.91370798268764
228.3885735782201
229.07164166805302
230.44926582857104
229.9404027268296
228.7498724901125
227.55918147665517
228.9478430065775
239.05625010113692
232.7612635787644
234.11918804697964
234.91515224147827
227.4965211698353
228.5880876999037
228.88215138143616
231.8990849629351
223.5624217673372
216.94742206761705
223.2639977636385
216.40687173786478
217.98612832546723
210.55506431468604
204.52909836136928
207.5770234606484
207.55676338608626
213.53366012393687
213.46897300363844
213.21792356550927
217.15642717180094
212.30035443118211
213.64843340314988
215.35114542803998
219.48530017798964
216.70924670830945
215.4643428685902
213.33171237364155
215.93227187499917
217.0125682302754
214.04122841307804
214.3711724346599
216.19135863604032
216.17483481362393
223.49734552550012
221.002632145001
218.14414886616325
220.80119814863409
215.57846175712226
229.78787284923834
226.70100718412635
226.61647717846233
225.7446869233155
239.73683113095552
241.15090031299286
239.99052398178617
233.29285366175338
230.45367379412602
219.58064901576952
221.42175027996586
226.47858286189432
224.08419160834956
225.01702637083318
221.78981559583116
224.14899677011513
218.98093720572712
223.75312087909825
217.14812168947972
222.24904897144015
226.59471281913284
224.95086807828335
229.65177334392547
227.34018351385686
222.25575366431352
222.51323390337527
228.70591655212021
235.44615019336624
227.8335187994106
234.3643238605794
226.68054389270958
229.92915726511828
224.08840538049586
221.58831242266214
225.4140299326416
223.81763913417967
225.35813831504862
236.57545239405272
230.42767754800795
235.93319476313184
228.8188417544986
232.0492596791922
232.74630190377147
231.57373046177662
234.45279747587506
231.70859170245723
231.00616239427345
234.268261731327
235.13216411777674
228.26516155688125
235.3442260116954
233.04038619682385
235.37295113564437
231.30303891216363
234.92927026825137
233.1202806320152
236.29068311564384
234.969636056288
245.2995158307365
234.02364951501823
240.08480089034202
241.60062125250607
238.90426954550003
237.48032954966024
236.04481575336254
234.14104558971832
231.82677168077072
233.7587190283006
238.018981261215
234.55212327444062
233.71386525898885
230.03014314790497
231.86631633067842
239.159143230991
242.1667493431607
240.6357799238637
242.22242696533934
241.69162287575108
241.32750871908522
237.68643741076687
247.3908488057571
245.0808798063597
240.9648394786426
243.77990748161187
242.37797515514293
244.77978416630924
237.42352143033187
240.36614509754963
239.95107842843305
232.4991953372029
234.99152692680545
238.99845058193793
237.40983544993344
233.7991026889997
237.32932557839834
245.27580575605774
246.89569544470004
246.75697438798255
247.19931224519058
237.31916542931094
241.94772442359434
237.2952628317197
248.1383531600663
248.33936140844082
241.92497453748965
249.30150012765816
251.39636025306197
250.0066082967246
248.03373193224655
255.61614956630382
250.20607813984407
248.29643327352846
249.74398035286274
246.9512049196385
250.07641284603403
248.6590523486772
245.0180723945631
243.46471641545875
244.35562853789182
244.07263151188855
248.07882834806853
246.42672638703112
252.97764033090635
247.50815323573073
250.5905633896373
249.68880592373122
252.62760453536373
250.86042260135676
249.29503578376818
252.9641767578206
254.17145394218915
251.0164784776714
248.2303119571029
246.86235845821432
248.69044053315957
249.0259979242201
249.17663570298046
238.96563357970624
236.64433273147733
230.6864033014473
228.77431747527845
224.76014296674865
230.62479325463892
234.16959407602894
231.7971448559778
230.88243950916333
231.35422028787642
221.57452861960897
222.0263766087026
217.26752910184328
217.6685661748744
215.58958702797892
213.77676698279777
214.15790433845513
204.62099617114538
196.73011708606515
196.4954486818421
203.3655872293985
205.58233619380704
212.55447678137506
210.16811797602352
210.21141709279263
209.62449264001665
211.31459991119598
207.77606484063412
208.30468582849787
215.33897876344082
212.5363180031259
217.7611288737797
221.76942687182847
218.31706791345067
219.1040506741232
216.96152628190643
223.50282752250197
229.0295384819138
226.93512965706879
234.45909920163862
229.76257736174833
227.50983379236058
240.8325841520159
242.5396309277247
240.9502481276717
242.040879250508
235.01783242271188
234.8942659854259
232.67939500611564
237.15459119385972
236.8378020957105
235.06318478564634
235.3305151592841
236.40822459133804
235.11349535284654
236.20616725520404
230.81811394707182
234.40848854581142
236.95721233004826
235.30869350443453
233.62899372691675
232.32850987930544
229.03364319492687
231.11642273336338
239.76267016713678
225.069060298651
234.39219101021413
234.45731348263146
235.5832521579678
234.33852841392482
229.98881733328327
233.69394607952248
231.5685478485611
219.1293649812904
229.9512301751309
228.78265019284228
234.05020145602333
236.47773424677652
233.0026642970492
230.3181674678571
228.8754547566023
233.4252106912823
230.5912371102993
227.38518481033387
230.12916479569188
231.01622982905312
230.0071768176385
226.74570262699646
235.76317467125784
235.8972782464021
235.1173581938556
228.21139976772966
233.90635643337518
229.52287758063073
232.2651522242739
237.26776400946034
232.75112619017867
235.58924555184413
232.79698531521973
232.6517179314812
233.92959805447578
228.7530307895993
235.3202495845106
234.7778955312188
240.68787088706452
238.24134646204527
232.93435820358576
235.61537520591102
237.53853877809257
237.71663142728133
245.58155649491172
244.63149310313864
246.57196617352153
246.18178378489503
244.82014825978447
235.34051927773947
238.26433543426504
232.84174150128817
237.22891531698806
237.7502250577679
245.220502550816
257.1027551902157
256.6793617549006
259.6134268955713
260.9888478521901
260.64982678595163
259.2385539024834
255.51876519269823
258.4814475227949
257.4167903540787
253.42679393460432
253.2731612901732
251.76969455372958
248.70077910427125
248.4744808753994
248.07845816000318
249.85402368017952
248.32427350380868
245.34786095478793
257.3185571162637
262.3595151578289
264.31696565319794
262.58431310731487
262.67219743893685
262.44424682246074
262.44041421299625
253.54039774832995
249.9010761974372
250.80974496855794
249.01760340887202
245.80629955180808
249.26101397670536
248.67717827952958
245.99716972719258
251.75106128880313
251.18742918840968
256.24496865839603
259.01952896824
259.6231823051827
261.7157849256831
257.42138843985236
261.1517534765417
259.2872902739384
252.12229716381518
250.33020266645985
249.77516911262546
251.86794019800163
248.71940675313948
248.26825291694496
249.2677753125244
255.5110340853148
255.01898781737864
253.09857457433378
251.78701466704968
247.41543996817612
238.62961388909702
234.8027830681713
234.2526938150713
233.77058108978824
230.7976446048152
224.543845045332
226.34850206111963
223.70504219287884
221.88392840537054
221.9871716685373
219.02473843358285
219.2137377018576
221.51132450914628
221.10321657264538
216.82195259363482
215.49487852106822
214.7882683877124
216.24988651211248
226.06493441412226
217.77026531244812
218.4228084588972
216.5458297268336
216.4545870554706
214.72653385278718
214.5364905636059
218.27184865901833
218.26280848480354
218.43135494405286
219.01510660757236
219.50092438458938
228.63072131056379
223.03353963468584
221.64585442889663
222.66971987586354
222.41473920064192
212.7834631307276
214.4374395989606
213.74032177824998
214.53186494942173
214.72980578385062
215.63167493400923
216.85823775875954
218.68247793520212
217.63792607565392
216.7184927779058
215.39709395446945
205.19698734526224
207.01411552254055
207.54176727585656
207.79562561322928
206.59711852699579
207.89192797646427
207.10902227807819
207.56192514539137
206.37260563627808
206.29134596452124
205.66801905130978
204.42374711767545
205.874484348387
204.72669417723398
207.07073423908415
204.80852445554945
203.7502668718403
205.7327969943012
204.7399435481088
204.7142256007386
205.31888512288407
204.36201990589575
204.9563756251873
204.37244883070457
204.34527508770356
204.81876020731664
202.77856742321217
203.72066820273432
203.21498930258227
202.1610278127304
201.22763246464763
202.28388385144564
201.37447670947083
203.62242119359527
194.58707199260462
195.98766863613037
197.46875479760564
192.65159001631326
191.2815705536826
191.13417711018604
188.72379974355732
192.97312038963665
191.44911293832126
183.19565213351657
183.42842565752665
181.7444308967047
182.78585842774922
188.95238598884305
196.15357519664113
195.53331240477863
201.3986158755594
203.15804953359802
202.7628811487353
202.58359293318878
202.28306438174698
200.93866908889365
196.64443417117576
193.37068786529235
194.64062302451293
193.64788252578043
193.70403543151636
202.3160160803573
201.61831498093886
201.172932909929
201.0689568806882
200.82325631190838
202.9085667228214
201.47599095010298
203.37160196279174
195.29916635933614
193.77613324966188
195.12014316776109
193.5208793561646
194.691646110208
195.22865376587836
194.3539238869273
193.28013834887264
194.9965605043631
193.04422179736582
192.78057556707347
194.48893161719312
196.0537592931994
195.93559937393448
195.42959040394567
194.97779331396652
195.13928459609429
195.30728562810123
194.20315804126372
194.16166525198807
188.27031495107641
187.35526874988437
186.72856384627264
187.29564186048418
194.77345802797785
194.8358538439548
193.9535159199202
194.22980901791874
192.7941219528559
186.45454888315336
185.99395599952274
187.84188964665734
180.42443911609473
179.8572370495504
182.77849129484784
181.45963073572736
181.9109578148322
182.29153285105167
182.985528858543
182.60942856777123
181.75517014234302
180.94497834012714
181.93737097079875
181.95659823949427
181.90316735170393
182.08251422186066
181.92133995130422
181.0502071526475
181.99654158834232
181.8631670059755
190.74918882479915
192.06669541987407
191.1974759757559
191.3943625282892
190.43990873003318
189.45990505451354
191.52235235681746
190.86977128332745
190.5681623009035
190.1009544189055
189.06435425378558
189.57348437781064
198.99980240301232
201.09432608097336
201.2727864639349
201.67241696396985
201.9128237209948
201.23609166698438
199.88870947405383
201.4500816340367
198.7098887298337
197.80583129911477
197.17646115376377
198.02045766455097
205.73450544625857
215.50842739859618
217.66066931798264
219.86391015020192
219.8901459993139
221.07207529630105
221.5777830408941
220.9438958995468
228.18277539476173
229.02916049898823
228.55196893969617
231.0681060196445
234.4257316519992
237.26329627664936
238.4772112663028
237.3787733611425
236.79918984577446
238.0844065387186
237.48586957178836
238.90815458339333
239.1216266265118
231.6109466743294
228.11380534090358
228.2697624674507
227.96321338525
222.40395611970027
221.93759656450044
222.58387161135695
222.34012159852077
221.45207329264548
221.1337496884232
221.28058675769486
214.75392864950192
208.76826242093017
208.04146886997023
208.03838993201197
208.9179223910565
209.33216059067396
207.98434171800415
209.22232266696602
209.56928533895845
194.04969153540173
192.23583526096493
193.6519344556158
193.42764658922653
193.77415136404085
193.72425346058606
190.61545443243057
191.97090176022232
191.75912093823317
192.0078882438615
187.88438697626873
186.30230994229277
187.76818814514667
181.47435693524116
178.75510046467215
179.8951912359789
180.0308314484138
178.60937336082193
178.56411029142402
180.99816716924204
178.64989599335252
178.7936765592574
179.10759253863364
187.15735243232012
186.7008745972407
186.76633898599295
186.1547885909319
186.9060821800642
194.06773654660398
191.9573125809172
192.71808043906213
193.189493282543
194.1644223449801
193.1281858706971
199.01996673633118
200.7045369159745
196.57938318861616
196.90962613180676
203.82083007400539
203.3305290412016
202.99761166126854
202.67262170153398
209.19464792036186
218.0307297850448
217.44723819062725
218.17683979566382
220.0278250891053
219.20173551210752
216.04741271397555
214.6679373624009
217.70997466058338
218.25537994177205
212.59104476868694
214.39749217086955
213.90158841135704
214.40219831261237
221.01877178103658
220.36927993896222
220.7876570256255
228.23454092732763
230.19640035014018
230.5471002968591
228.9228824239196
229.220013979677
226.90762467990402
230.22178471287026
230.9319548032316
229.6563521891744
223.83621135523444
222.3589193281418
220.21529824537066
220.83432093674986
219.2470969211761
227.3233788131934
227.02610882084025
227.45251261066113
227.34444760742957
231.92310113106416
239.2131118266857
236.63079535042863
239.08388665643253
240.2742074525585
239.2465640857277
240.18299201231358
238.99866373537404
239.89326366481185
230.05450057499365
224.7587576297676
221.58435898887564
222.6030133245329
222.94495326192592
223.7397217896352
222.8460862053714
221.0848566032407
221.81648208369677
222.24952137383815
229.9817280907879
229.36193800394977
229.30910783003833
228.80503582622867
229.78196885995533
229.41185313931976
229.05743170584606
228.424047091247
227.94116928398236
228.52820760379655
229.5934553259467
231.09671117467246
230.960145183518
228.54478131222837
229.0178443892689
229.44747642334465
229.31349716720482
229.0330095049836
222.54119391178813
222.48339865957155
216.0593864913807
215.73090330452885
215.42605933743033
215.82912939568232
213.98926727872208
215.6316759146202
215.4183825566956
215.35293197096627
215.1329061879326
216.42091525288026
222.49404088914372
222.615301876188
223.14212329463805
222.51626863497273
223.11181521576404
221.51228675883047
223.1050643187355
223.0276490231406
223.04052934634106
222.5563787979819
221.8804367973631
230.1886687438541
224.88541583786233
232.1631360159082
229.64534330922842
230.86968454102097
230.68808921719352
230.30526878123248
234.67637695276326
232.14408926339843
233.40913482022202
234.63572359171877
234.9193914569079
233.474399795583
233.65258424054912
234.03974972307628
233.90108503868964
234.3051542365379
234.32285623571283
234.00285557863833
225.74078389949813
225.88517197074788
226.74534783509264
227.01242327095397
219.48272349153777
219.61094062999746
218.91175698029573
217.1249793756263
201.23127330603177
202.0305406279596
201.73193821523813
203.0081625148852
201.82062045971782
201.72049336228278
202.30395551850364
200.98222632494355
201.62244539146855
200.26396340744478
202.47270322591908
202.24186015167155
201.9757625087407
203.4554671604887
202.2403693059508
202.44699790738775
201.64730301079982
210.4814640774138
210.98847803065544
201.52931918719813
201.58175404766004
202.71765050695453
201.26884011528426
201.34823806937482
201.48174003734945
202.39633355478318
209.20415101621032
217.62813867848138
224.5234604027476
223.14641708153272
223.1046011656809
223.8873298030292
232.91691287152648
234.43232748418458
232.78360776966989
234.59661986170858
234.04353937538434
234.30628895746247
233.5798410340293
228.39896600563077
227.9802176923282
227.78484859700697
228.08700876829985
227.95546631139052
228.3620673401544
228.215163541997
228.17226463216
227.9100323131729
228.2678703150015
229.23505666195015
228.68386893028466
227.8044208283015
229.58061425726524
227.94231094996653
228.38763239393242
228.5672600381458
233.63971352339223
233.45520776618912
232.79280006534893
231.89840316903874
232.2696070887526
231.09087256785986
229.89934453721003
232.67163579221653
230.6079719220512
231.3184412386666
223.51338622685248
224.58813804808213
224.00376371953317
224.5100348690158
225.59226463902996
232.2751756724722
231.90058669924005
230.9190478870924
233.03917665388582
231.76399280478583
225.80427348613682
226.3725098501263
228.02283717661416
226.66077256116148
228.08058646829372
227.88790708392168
227.8689446112831
225.79736598329592
227.04956502835608
219.65245982499232
226.3768398136012
225.5587928498631
233.23326567932475
234.13552215890851
222.18935757562167
223.78242997156894
225.01673545818485
223.00079932537278
224.60296501600592
224.40548071985012
223.63934074299942
222.2488933723931
222.13849639131422
224.40051395604246
224.78012924741648
226.59906232189326
225.84042556428042
226.29023331466365
227.26726856649205
226.24571459379973
225.7664824867276
226.5230763410819
226.60947273876175
227.9465441823561
228.3477473827152
226.8588375934853
226.9958894565726
225.7544750572804
224.64511466595198
232.47007488984516
240.0264242921219
239.6303489208704
239.19931215732288
241.36753113447614
239.1666325431924
241.1076976887697
247.16906255328723
245.4712906395524
239.81490971598348
239.48610737463892
237.41357063144775
237.60937193724166
236.13330611778517
238.03360148857473
237.05293306224263
239.1342909784089
238.80823358488996
238.82251384089525
238.9999490848831
238.1609281157377
240.11035579840234
239.2880338380132
239.14345713509354
240.1148408408767
239.09411730837502
239.215157480659
241.28566323600154
240.55685596730083
238.88280622117318
236.5785836984492
245.45619198234468
244.1121183626009
244.84355832976362
230.9678291851562
231.33986934233423
230.3188470555579
231.7361867831829
226.41876749965385
227.0394640133517
227.48520245222971
228.8839318980673
228.22768835811607
228.52582366882257
229.59972169774613
229.14665981687764
227.85949229934866
225.80889321592323
228.94945510525605
230.18075037457416
229.08866401022922
228.95039040347262
228.4194997674278
229.73085772134593
228.6819858092216
228.49013643509025
229.95178749607402
221.04522531162988
223.99627726938425
224.16849238079035
224.68820474216514
226.0320361403051
224.27888486100255
226.58882439085406
225.5510740079149
227.69618085137478
228.4110589019334
225.69796597529805
224.34843587189772
227.5835516958817
221.30428253444157
221.01588156715397
222.65330945194003
222.0580360918127
225.7919996192954
232.89347875010327
232.5718308810234
232.39398465047023
233.00823764906445
232.33462303531195
230.87353569571525
229.1040232815993
231.3162609523169
232.03582931730773
232.54608640343758
230.410993250278
224.3096622067404
222.1035915333483
229.94394768290513
230.51340684636483
229.4605632570735
223.9311607812336
223.58992318088005
224.13397669040566
223.1312014383744
225.00642602945337
214.98822843801423
220.71875515029868
219.37553402370486
220.67444015813138
220.6742063020714
219.73822930340427
219.0700612011898
218.87986073688685
220.63633288792892
218.10716240649876
219.3829266494404
219.1569502695535
218.25637607372113
220.34197530924246
218.84910593012953
220.4776329848484
219.01126737627968
218.3406887058326
223.2825858106309
224.37232312273267
224.7452265316572
221.71451066886368
221.29282528742274
221.78204751426972
221.36543561264872
222.45004236206023
222.64389711461186
222.2624081546493
221.94654918811074
222.79127131691274
220.29594402458542
222.2335337777735
220.29555546170124
221.59213346113563
222.59107481283021
222.89379089389595
222.43378998981865
235.77376299935764
238.20265397324053
239.04549221622534
238.37452415687076
236.72486127074228
236.88576255891707
238.0232491742325
244.46081388641608
245.74640669763065
243.55361062614622
242.4881778787066
244.6962393239904
245.8390264269462
252.92852963402453
246.41342689132725
246.49127782313434
245.49070869013698
245.8972994179671
245.55110655676694
244.0125719173176
245.35656738654268
244.6081614324051
244.89129543284474
243.85893033324498
244.81849338928956
245.6279129945447
244.43861766773455
243.22592514657572
242.7415929580821
242.92554127219248
243.52786222068042
243.85383768179682
244.1742224025572
241.86363091561867
242.59796682493305
243.19091275404008
246.21234931549742
244.8559599025916
238.96786611503637
238.95665458531565
238.98540390847927
239.4247107396913
223.64220513482886
222.39860337391102
223.26246521450437
223.02938238241225
224.04724672343912
224.21425768387914
223.12882512503077
223.07139799533223
223.3896915180138
216.3813857976075
218.0965400124772
215.58967047602363
212.75288805317751
214.2663110579716
213.38856709696822
213.56834050853976
221.24142770022314
222.54820491623087
222.23354671896408
221.6088239233743
220.53110388072758
220.32382966318278
220.19313720985252
219.95853747461774
221.96732190980157
219.30958461135282
221.27543326527825
221.1545058022895
221.91516323378264
222.01964049738956
222.2778238718297
222.19944558734534
222.15645029233968
222.56278475738665
220.71040966648135
222.13950131547267
223.02236834809565
222.5816651036149
221.6508745639574
222.26336473972881
222.7531328792759
223.15880010391882
222.08401701162794
223.48977605150563
222.50492655264063
222.00924802910063
222.95468496035005
222.30392876706836
221.25435202202956
221.27502291446865
220.40394645804196
220.25111329591437
220.39247761634505
221.67168007231115
221.1788521997542
213.05973543967616
206.40884676720958
207.69320241717023
208.8599038331198
201.7891964549264
201.93773037659645
204.15040757893095
202.666469408945
202.11919788461046
202.10579414347433
202.4033207615784
203.0073488048442
202.66532878844717
201.32407585610372
202.3126930743177
202.0334401005699
201.5654612985871
202.96508876215503
201.29988007373927
201.4927652006883
201.40741507754302
192.7250831447496
193.11043365091354
194.16292736791823
193.4265318044589
194.0749660707096
192.43257524025225
193.52901670955256
193.34327528506861
193.51557910765356
192.28066959297786
193.48721759927935
194.98199267452588
193.81802027378663
193.47855459398215
194.06017846936592
194.61657313425604
194.06532676996883
195.05131186223048
192.8798800958809
193.7106371181259
194.19890996213067
192.8428633504525
194.63927600113834
194.52699420875766
192.16494226726417
191.9725663529866
201.21269078404993
200.67177910981673
202.37398162046924
211.72924320520107
211.08340093296576
212.40801958471332
212.886754848364
213.5728500551788
211.00569830843926
208.75815484224123
209.48028255054749
210.1906046476417
210.60119018150502
209.5977077969847
211.98697221376196
212.11840213243642
211.5870338172495
211.81778580420482
202.27394176539732
203.90449417885677
209.8294083877646
208.39769250214798
207.2095910278216
207.11386992572517
200.02872273203997
199.33501632701197
200.5352222004964
200.33332557616023
200.29915714475487
201.3243404446886
200.1784990287027
200.18003986204002
201.8291758285814
202.14540539875736
195.16822972213077
195.91078922700734
195.30634691021058
196.6169414691124
195.6740751236308
195.9955209683794
193.73342515568524
194.75396941159687
202.5191002729729
201.2936998580279
203.4747338220872
202.46305569596484
203.6955825914065
203.4218608211309
201.83330330867514
203.28472160694415
204.17599888726102
204.20153239548787
211.54711980159786
218.4119585702173
227.10883206126815
224.01234599836522
223.50745752156388
225.25137518797737
225.90423460766468
225.44420683114103
233.99902216332018
233.9699670765331
232.5957904912064
232.40206046796246
232.67614518727024
234.03221947950104
234.74943871436807
234.61983575325675
235.4597462162375
231.99743821394014
233.19837178550605
232.36926720905848
232.65702321576617
232.57956385525503
230.59184459991775
232.27203339859972
232.78033661780032
232.16910512501252
233.38610926535816
234.21814915781422
232.85494103838968
230.78938967130279
227.19792684603303
224.62479076090418
226.07557472264202
224.77075975454292
226.23121201148479
225.30459194373424
225.45436750749624
224.91096016708613
229.34441070636112
235.05364214854356
234.2337919386583
240.9482496142019
240.7593069020957
240.16036418799752
235.75888952689994
233.670251858628
233.123970164657
234.11619447842284
233.56335689866722
234.28770461347992
234.11915704161206
234.7906244929954
233.36446429357832
233.25682044863055
233.65558095645363
234.99568874809154
233.549900264295
232.6793503536905
233.5840480921871
232.4862710435524
233.62271611816817
231.78743515574408
231.51386103536208
230.44660103450803
233.24165446009602
224.2721748801624
223.2485412939779
223.37759288818378
223.8012416580863
223.18662441987465
221.83722744367043
223.01507574950122
217.23056088370043
218.8291320324908
216.94540885843853
217.53167570869894
219.98196009393524
213.32731483337693
212.6477471507657
222.00998195000267
223.24569270362824
222.15749136974372
230.03090325353284
227.5450089955084
230.01025753387617
230.20499355070666
228.18326783098863
232.98443178372648
231.8925322266975
231.29435710215773
233.4552238568967
232.42067901160016
233.0263690835805
231.4538756399141
232.09428500191797
232.4010413041662
232.04193176870314
223.55331135502996
222.8215727774609
224.01889668729746
224.36246868562523
223.9797490551807
223.15119478275562
222.49642607787757
224.72346049424982
218.86883294723992
219.28127051573557
218.50533424422375
218.96564505365382
219.36289033847856
218.5893769768301
219.70965919855234
218.8605519355619
219.69718561668512
220.18110379155482
219.18598497601013
219.48743755174758
219.35747458992728
220.6164361235498
219.70007107469124
220.15429206249107
218.7593544513638
219.00446910014352
218.19995343821242
217.36455782034145
219.56794251325167
218.95920483878137
219.0050398807522
218.82854262775354
218.31664902204378
218.23857662676306
217.77194775821698
218.9718612653121
218.88198989812355
227.70198224239317
227.46860344870524
227.50180512977724
226.58049611059658
227.23404414561227
220.92160936016344
221.9134337967194
220.7674785441656
220.57407882720142
219.96864648964763
219.1430251526872
230.66420903092816
227.57078323159146
228.24470433440788
227.11936928734534
234.08072771012834
235.0098200041792
233.3472208349471
242.07765785810903
251.57914499093977
250.1864933552934
251.14967676276495
250.44290586635714
250.01956462263584
249.77958184955588
249.01377303605443
249.64124838672603
249.82825884180752
247.86520302519367
262.4753059141144
260.31925440668033
254.81865369812397
255.01374631986803
251.00191834376855
243.04957366495609
243.55234407162942
242.6590607779245
249.70710928630322
250.11060795306864
249.23537021075077
250.86320527592628
252.0078592529265
250.49509248845138
242.42993865571637
242.94740358176153
243.401586167808
234.67070643170277
234.83775763781424
236.8533147378635
234.59948836195494
236.06520816552666
236.24414211495974
236.65166254860947
237.57149133199417
238.33732684237387
237.2943109076712
239.48754934335915
237.48055542465264
238.27506135820556
238.29674079340285
238.52781369313692
237.6665355392566
240.1314548378732
238.89998271401527
237.97714159965503
238.81719869902864
237.78738416752688
237.99021349131513
237.27999139277776
238.47083417856197
236.89077346309512
235.75651631554118
233.82261590376473
232.33151346284117
234.2801666980492
234.58286283783
232.75788737573177
231.35369489319373
231.86909922976145
225.50109283244396
227.5383515009708
228.43281556019733
227.1208948711122
227.34937550682898
227.68679658355538
228.05164115755002
227.87610691932466
235.25552307244257
232.83676550730624
240.8444226504591
241.4480681841077
242.51821751418746
242.12347409198333
243.6963971798031
243.6936562216791
244.14968584028085
242.05155130139582
243.40867021510067
245.59230104240783
244.87972388901562
244.630436419093
237.96757046303256
238.58908911392385
228.11551654531885
228.7346875919153
228.40956094695005
226.8138169252795
228.23307149940914
226.75075804628835
228.9691589550122
227.6001353314687
228.54606122665848
228.14022567352242
229.03313164418606
229.3774793303534
230.44877626075933
230.18488877158526
229.07053629843404
229.0449852874092
229.32552497636686
228.72338982282022
229.4628872302329
236.4868482283208
234.50814192290918
232.23910679492064
235.01956230033693
234.061075644189
234.3322402848622
232.96527779529802
234.03202853998053
233.05627532212546
233.35956410397677
231.90625745549485
234.3485922677577
233.53233027281485
233.9202555015097
233.16310300678487
232.42687378688993
232.49315946290113
232.85334843416072
234.02583116453584
233.41645085348665
232.37205910161924
233.89559479507147
233.39502782213438
233.55619121851728
232.7732519971907
233.4406331940431
232.2626061510085
223.5084191485092
223.97883584130457
224.65692106201453
224.2424548163392
223.56260348639412
222.95950656739393
225.05065125456912
223.78176451325496
222.53047815733646
224.42366790532526
224.8923196170887
223.33211555827276
221.93249615937992
221.529037098591
223.0567764369355
222.2290916655515
223.025114811876
221.29397955202612
222.07468720687876
222.34189255530666
224.9335974160321
222.049477119108
221.99859978025344
234.44448484061883
233.29041993778048
234.56865155108886
232.72930254616617
233.52381628265087
232.59072315231865
232.5080395567729
233.10663928708894
234.13937394382546
231.85848995571686
232.52491027851917
232.6791290180961
232.05517422547408
234.30188715968723
240.78166462126887
240.69569974307242
239.55733499042265
241.1574956281454
248.3899181281434
248.79389806243177
250.24886066775025
250.02539607256753
250.628831368075
251.86419442335512
250.62759901062418
253.13876894286648
250.24079126998413
250.90399815946816
252.5636007574143
253.3844035456363
252.95233598605466
253.22399827178566
260.58396001324104
259.05963981861476
258.7200549503716
257.5991040231984
259.5045189559506
258.70289253351643
258.4344540740594
257.8580184277945
261.10557710131815
260.3393324170494
258.09361373361065
258.6303084508326
259.43938127373826
250.69867161056888
251.8023794031412
236.03583344798386
237.13273371036493
236.18416297836242
237.2391891757695
239.15553906846822
236.50891364546402
237.66177965930353
238.80392450960812
236.27881012362872
236.83355788951303
238.68085130729534
238.877460138919
235.72620345855415
236.8851621162617
237.04950674088573
236.20188487831794
245.14413007412537
245.13257460357573
245.13841514694727
245.8120023861195
245.2219711683336
245.35771929751436
245.2949732088779
245.6217381607177
245.72550207136024
246.02720344570568
246.31445313724151
244.6559758190938
244.93737533802528
244.48242895229475
245.0764479152747
245.68692160505717
245.54419035346365
237.52912235469938
239.88967328317122
237.98835827677848
237.06812392452426
237.33035029091658
237.8210341708949
238.0371598395526
238.2860936347242
239.7477621268458
237.1249984787754
233.93980319887845
235.00953415975616
236.9000618376446
236.247361943662
236.23383724222
237.74590503669015
236.29270380437586
237.12923915781775
236.81462529645987
236.26342338529912
236.57498363326818
236.37285406077947
235.66588928775437
234.89530524288728
235.65927465540915
235.18189422886783
236.45983751089304
236.68322978327768
236.41651105397938
237.1587651823111
236.90556525421778
236.17950811067627
236.71107600771282
235.93154821552608
234.60960668671035
236.76518612815883
234.69580889609722
228.90356686299953
229.18664319591454
230.17403233005834
229.96728032361176
229.4290209308587
229.52398978819127
229.6362757021311
229.1857219983755
229.04013470010196
221.0213136646037
221.66672946622623
221.75276492352035
227.16800155590954
225.44007005073863
227.68560361467058
227.75175770871252
227.19324326949297
237.5119708406013
236.96847971108198
229.46599163019383
229.80232654731216
231.42439802157523
230.94073816595056
229.9724366532885
235.1967101207138
233.82649401803175
245.17876648153228
243.3451493285126
243.97373668835672
241.1405809294449
230.44594472119417
230.73893007357987
231.13848310446392
230.28955338730415
230.90587891243783
230.23450398269787
228.99633341704904
228.9557222824451
229.6898104934499
229.00223638766096
215.74776352034309
215.8228823041188
224.9103109232345
224.1422269237695
223.70470291458253
225.06200043240847
218.46200707937024
219.5442283202273
219.48834895829208
218.7847615167635
218.3698301928448
218.45882072217074
218.65709766870637
218.2038692722607
218.95518614990522
217.7953967533879
219.04748059517868
219.21664755537094
211.22682831980626
210.75351474516975
209.64019459368953
209.3387686022331
210.18514283604165
210.44404453707568
200.37005538872293
200.74558207876518
191.37876237662658
192.11788068040693
193.5096326785941
193.58472445047715
199.83409133422572
200.6996264036235
198.66396050871035
199.82926781450902
198.37581280666544
198.98801730168995
199.87579952791947
200.28172038365966
199.48331194463262
199.57437441989347
199.95941826079607
199.28870488569274
199.6998133961619
198.1997684834507
199.65083518877725
198.5730343779189
198.820117497887
199.75561072138294
200.459727723685
199.55202006542476
201.81346716884062
208.17680272420247
207.39853598207787
207.59571780114928
208.0057506516786
207.5012267579731
207.13463766067895
207.44170679552875
208.95083413264496
207.79828896128535
207.1973660122917
212.97767768493074
213.77817241726515
214.41697195653146
213.09937133347648
213.26756290512094
212.75708012474186
212.9032402236836
212.4478185705097
211.97577432409784
212.65825234565622
213.9761390987692
213.4883803006006
217.4376916629125
218.89966900788463
229.07204004888186
227.6263677205238
227.2641939624095
221.73943746952511
211.06471229761635
211.9949165287777
212.20507849931928
211.40550239592193
211.4607221703497
210.90491294890313
210.7481985634856
202.3723807646316
202.5023307542806
204.09050273111572
203.0798637691477
202.5488793364433
201.70425483192972
201.50356708397325
201.61231915697724
208.1621268943301
209.4933545545795
206.2127607737688
200.37082107869054
193.39342822944315
192.53614884420458
192.99211494813292
192.7914895091132
194.0279445049852
201.41058828035676
202.04415718233372
200.88927162741706
200.27686026827143
208.15973320837608
205.99249569092675
206.8488081454314
206.47809249841757
207.7231740509238
208.68175530275374
206.91151550159293
200.58474144138728
200.885575730144
199.8211528330713
200.80885156834722
201.07847558999376
200.18970217712763
200.24807322389714
199.74578187804542
200.3875606299124
203.23812136816292
203.83826651432366
203.81704982701882
206.38288843235074
204.80629230654085
205.171922470183
206.02351254766245
206.34277441971753
204.33686328633897
205.38583877373244
199.65229132888825
198.08869599247544
199.69883506049442
200.34590758152248
200.6298505136058
198.99768491720846
200.0211590741964
201.09600365282105
198.67620206029378
199.78510500076595
198.86829747451375
198.22286226489547
199.44349850696358
199.26360028188563
201.0209569762463
201.66160861555315
200.88319918482554
199.69821709381873
190.49735664462787
190.60923163743075
190.96965174743292
199.1212213975358
199.99675573391315
200.29786984337383
200.81240949212443
200.48771680215825
208.93426418648002
198.1913564427228
200.90103957148094
191.82821735144114
191.50535039843376
191.77186772083778
192.27107371833586
190.62555542632202
191.27532729272573
191.9670683779589
191.66577034293243
192.0177726932391
192.11971672763548
199.88961020423875
198.96798710605833
199.61340542599655
198.73300250374507
198.1505763119219
189.98584698842018
189.80175069408097
190.14702810983476
190.1005057320507
188.67293736516677
189.41147331913484
189.61965900583039
189.12355716219068
191.05937143304683
189.23730584988942
189.1503204761944
182.65303204216943
183.11869472014428
183.51580201042427
175.15940899012733
174.4849577465062
174.9588859530142
166.65904381460388
166.23050891923612
174.2044873704545
172.17041843501607
180.02497615466396
181.1500236023397
178.04778219369015
175.90923612113627
174.08774847327678
176.2496616785831
175.7876848212776
175.09549659750664
176.13526234371574
174.58148047961237
169.4204206345736
175.52484410220103
167.98527895002204
168.51092650757684
177.8552748341229
177.8536780094941
177.0145366871637
179.05374168470985
171.6465959421837
171.89155624335984
164.88361457192602
166.2500795421161
175.25813411023557
184.32369923936335
190.4894406392478
190.4892281101405
189.40144747920357
191.6758464956783
188.23373694538665
189.28679734329248
193.42737328026814
192.3010401822396
191.75171413374798
193.23886491117725
191.58152242448838
191.7180872499941
193.57463490358765
192.67016596077036
194.54965470396007
191.66871309533363
191.25108184671325
192.12337612925361
192.12336226552696
192.23848313033443
193.06402551698787
192.91201715243827
192.77867203138075
192.3519601283315
194.0567285963402
193.48268693855795
192.4778457938048
192.4894693924357
193.26677639819684
193.20049518630745
192.99144966248738
193.96151524200295
193.79725388791374
184.81864076707112
186.46126808376079
185.6781264371923
185.42786260566493
185.85306487466974
184.03627746301245
185.44110225678565
186.7146011279886
187.0658821386634
188.13914758425918
195.35427167042582
195.6728022617423
195.42736435302587
185.94714993251
172.29791926017467
170.632615219885
170.65267748062388
170.73199679802184
170.2485839582368
170.81359970374746
170.94276219374194
169.0111433712173
169.68988345404202
177.0238828922873
177.0526025911844
178.19721512236688
184.70850247523643
185.54957526700096
186.07150007814832
185.03140550801908
177.28029551971545
176.34133969112736
177.9614392962012
176.5255158006791
177.89457739602048
176.4382417011679
170.39911726417765
170.6645613851866
170.47164039595103
169.96109004416317
170.45081469657734
170.57619818908873
169.72895163172515
169.74082689228493
170.8133734654539
170.66162297276142
169.7035275010934
170.2750797742441
170.9813570604141
170.99988192480208
170.892083761411
170.53830374380536
170.96347952705514
162.930420603423
163.3271974077038
156.14405853370687
155.01788764378267
155.4817909100219
156.93416466762883
156.09020448672797
157.13969263991586
157.0241831698103
165.42206215641548
165.1335096162852
166.36879663235385
157.29113930175163
157.04915582348613
158.60727249157608
159.0426159386838
158.98766907138486
157.8918556914452
157.59173479274136
158.10212298570687
157.5610329336485
157.57099229208762
157.6329473516234
158.29833008238447
158.12524295595352
158.68526008211424
158.95454809802482
161.50274244875777
159.02681970094474
159.16972720054247
157.73637927035315
156.92509223185195
157.21161420975287
166.63645591849735
166.47537360796758
166.67812364305465
166.25278068424979
163.53757227757526
163.56338434502123
163.88292392872282
163.80323868805212
153.5401160089042
154.56289366446333
154.2387202505313
154.92309115220613
154.2806806990462
154.41409595196933
165.336093181685
165.21924994288895
174.37483555423873
173.011167768972
173.5647866178874
172.6348286821562
173.32848742095425
173.48970798128875
174.40285493621857
173.98149613733767
174.06527888737367
172.82489334397576
166.1706471570915
165.33766765708543
165.9388604331967
166.99521428433826
166.62390800710602
159.7877970459892
160.67111861425315
152.8847441862873
152.387355236059
153.51593363247102
151.9141938799773
161.97580600121375
162.65395202519647
161.22380987947642
160.22425839893472
160.8203204712691
159.55414678811965
159.62338115624422
161.50034552418833
160.10211706505942
153.5690560602785
152.4668506296168
153.07068874932105
153.3725037160726
153.47419583722342
152.75872388799507
152.83408047934336
151.6681656213837
152.1349283394859
152.683642667803
153.03917019175094
152.3258921448973
152.6557836556538
154.00947097345573
152.4193633005683
154.37922809429404
153.74491318898396
154.94973517924592
153.45427101601834
153.89660744129236
162.1397958362365
162.39759204415554
161.85799255028655
161.67697456915042
161.5613622632702
160.92160633153088
161.13677394693286
158.29354051692505
158.6677711619003
147.0721043842412
148.96331783965718
148.66574343159257
155.10553867755908
163.24377004429246
162.94828554667842
162.47358613107087
162.6137851469659
162.21149794209234
164.01929317237403
163.7079118738121
162.99358731016193
162.78375841690445
162.0288734752511
161.7396512085781
160.89169069349433
162.27732666285337
161.46697643031078
161.46755358569783
161.93803396945296
155.3793649967244
154.87191642401066
154.40860774232206
154.29420562493175
162.73669715219717
161.13847847250477
160.1367750384149
160.45554103518563
160.15983988090468
161.7725796377345
167.71954360964554
168.58413921251756
169.32804295576935
169.34131168351357
168.7267359886846
168.9528160394923
169.3717308244472
169.0952467749301
168.04391974527348
154.4534708399413
154.81130393135578
154.90810039116022
154.36704050295555
155.0384879870673
153.63043945577363
156.77796570728648
154.71106146760826
155.958543879915
155.49305931679373
155.8195532377887
155.09074603816546
153.81448848144845
154.31203039902718
155.71583639295235
156.10121715987762
154.93117322886883
149.90328394434542
142.9715037845633
142.39898892082604
143.21605325483642
143.53302408736258
149.84434361215946
155.75724067537865
155.85762214184115
156.02819826030873
155.7334880534758
156.4059858956433
149.90863466621286
149.43209441653286
149.2434212163117
150.62356287382474
150.83210394192957
151.04217991980406
140.96513098567465
134.61071555806032
134.87109887984437
135.7731045758262
135.46269598340064
134.74489534194018
134.6764574095651
135.7709351355917
135.2394894028572
134.67462220480127
134.93968694897842
128.40847130605775
128.08474355955525
127.95244038015979
127.82502228491525
127.16607298078365
127.88748302631627
126.83970190839028
127.55140404611323
127.81973593610142
127.64567751405654
128.75039931353857
127.86865606409252
128.3466580166224
127.63359261290782
119.79046277824335
121.80341519722364
120.35104728618875
120.85248633353561
119.90775981425628
119.94290548493487
119.40066830953272
127.23875691975844
127.27345398864792
126.57680754087998
126.34416501426072
125.59187326955845
135.22065624816136
135.02152795329476
138.86504038201815
136.50534177176937
136.0821026763717
127.13998797435983
126.14273900120352
120.55179491657792
120.965209928852
121.2795678134832
120.21760881066179
121.39715841679791
120.66080624921482
120.90725656518003
120.52762849903549
119.4740602613131
126.80759523752117
125.78580081863655
126.07689658337526
134.16247059055428
125.46712313705966
125.34562736264782
125.8204534113266
125.66598198981048
125.92452274785062
125.30667926201626
124.98057958513344
125.02341999616263
116.56692949302474
116.55907686033994
116.53129296991922
115.97402543718326
117.23710868233579
117.51457583672499
117.66787103167704
117.15851010904325
108.9133459205539
108.87760951477155
110.37482893473373
103.20448386248152
101.83020966775449
108.82701771354132
108.58086413721566
108.42034547161516
108.07600766804532
108.57807569912023
107.72220240135535
99.7571334309335
106.78420500864317
106.55153063238835
106.60446534619699
119.0905260778909
128.65171187640286
127.10044722393238
127.75609637611583
127.00580027716056
126.2036534925213
127.14488082668714
126.55108375454823
128.7239205663114
128.14755727827938
128.2044521999789
130.61297398161256
123.23497332277681
122.29014438789167
112.9684312021903
120.8289360136469
112.86520280349343
112.34036154767097
105.09026114153757
104.63745754898463
105.00410220747219
105.2055967216968
97.64528332424217
97.69106410172388
106.041218252939
105.60046520991426
105.85683973962716
105.18755767305746
105.7540436362857
116.62772122733762
117.39801271116463
116.89019052122576
117.88154214434431
118.93183373665856
111.76682783797385
110.59860080482133
109.99583824999272
110.72530200824178
110.49845571444655
110.05580123687778
109.8998611573462
109.46203971743462
109.19567508444852
110.352042604033
109.58974010938734
111.37717128400857
110.35434753802683
111.27161578263487
112.45281694839576
111.89985675549394
111.05000997258288
111.3684064719248
111.5317951801332
107.43635850309926
107.4822084219936
108.03978580575408
107.87860245784857
107.89856872880796
107.38626633669409
108.02521130841546
107.75958277849841
107.33154935091605
107.76338055103982
108.59485779192777
107.40728800036084
108.38717485045893
107.89035276059407
108.88414966243333
108.07232950975441
108.32147075119782
116.87698478623994
116.94418811824141
116.6890846468757
117.57277461028285
125.30262556204988
116.01223112969085
117.68332198535984
117.14074451926197
118.0256521254727
117.59464779234528
116.25838603618178
116.32212985844687
116.70082474690656
125.32038133224084
125.24321475233111
123.98336761257062
124.74930897502887
124.4063126638458
125.16341165017585
125.43541418117415
124.86088647200648
124.97496452375533
124.931162721433
124.76645137570621
128.65887039570595
119.28965988414194
129.76093419949964
120.794127293993
119.89087648937041
120.6405293554676
121.06209516769955
109.13818332896754
110.71793733159636
110.00557860911782
109.58081199078627
124.42394258540656
131.34212699875403
130.6677069741764
130.08983692883092
132.19385571150173
130.11902077481543
129.79364609265102
130.9171439065149
132.01603464194952
138.12112521250143
138.67592143904068
136.75407590781518
138.1621366802047
130.3307745314371
129.45104788784514
129.55223868273004
129.71699153980418
130.16395982574028
129.62454818958508
129.24285710765176
128.72732805616846
129.6029820477796
128.69176636067854
129.7353779782229
129.35333361979218
130.16201155968352
129.04189397177026
129.62157620219537
129.59387137963608
129.61636068448826
127.57230921089999
128.8785900135645
129.36840900980212
127.94570258781476
122.50897880999189
114.19828567430034
114.3203588738161
114.88388586622803
113.90723889353177
113.97266159333626
114.7535453092543
113.52818314634158
114.21165935488695
114.71518242916297
114.90583601452704
114.64450231903963
115.54010728763755
114.24806498541653
113.99187195430821
114.14064999408774
114.37565373226182
113.66692616740197
114.10262152396609
114.50612284784889
113.57785045517024
115.02835161291442
114.79415767362256
115.184713633287
113.26450206213293
113.42135105711603
115.04626403882598
114.76264443004128
114.67935945386886
114.69582994494468
114.5277896128751
114.0738971799677
107.70464769701215
108.08729793679112
107.93187937922518
108.18542850703759
108.28967443638706
108.22486645890147
107.48308276974932
107.65368303462037
107.89496668450539
108.41103082740254
106.7662149795439
107.60447018974259
107.28064755928641
108.64343478324938
108.29343231609937
114.69399476552002
121.80897791844866
121.50704132654707
121.10010723889316
121.09591363102729
128.69288711754479
128.35687574140374
126.79481815497886
127.90574877170988
128.67881452163388
128.03749194774528
127.746594872153
128.09864101407493
127.98258204182372
127.60622799737986
127.82322260070444
127.98982775336515
126.47855012309876
127.08329373321556
127.56731929429229
135.79869208397582
135.44758159894542
135.30979728357434
135.13947292122907
135.61865127153638
129.64600232554045
135.99591767143738
135.10773875835855
139.23326480658665
138.32709053783861
145.56864452801887
144.87090791356434
144.73121719795355
145.0281971652993
145.11728517117947
151.32130702374246
151.82516056689772
152.79684175762645
152.96875640998596
153.39834734173567
152.6503139568229
152.4212611441185
154.39854664801922
145.95188928932103
155.35468639441862
156.804897174945
155.75551550911922
166.10594331558423
164.314550452713
164.41566485352143
164.37971657226632
164.9386135999463
165.20147392597983
165.5269458297796
164.41908762651647
164.79274917568077
165.2998529634408
164.85121120822453
165.70588607276497
166.0526674576482
165.74879976013017
165.9989140473903
164.8532488118303
163.6423676461989
165.54220990872398
166.99324898352788
166.33621989130026
166.03720392079268
164.19310155833125
166.8888040654415
173.23858270063877
164.71764074338725
163.02299394030305
163.54557995490904
163.23811912996902
163.943653467025
163.29719070183287
163.06146977713755
162.92773286984357
169.6135016124345
169.53411181781547
169.9323161776062
169.63314961464792
169.80969360477988
169.05647006173632
170.81053039235098
170.7238888669746
171.5378932792682
171.54614796641226
171.93623000319718
179.4821918952207
179.60746292100615
179.10862453671865
178.4878226126347
179.5395112512861
180.43315427203
183.27251876841564
184.6010224974553
183.32209251867062
185.52413239411814
185.2403167054543
185.09410555043357
183.14171168551007
183.56687479535213
182.8832521413681
185.04505040159427
183.74251550891506
183.02678591501032
182.059347435818
200.47573769770213
197.86198104471197
198.6394259147748
196.78867200107175
195.61375662348073
197.46264777767513
197.37035672350746
195.97914980561214
201.24926948861113
198.9253742364676
198.33714249625635
199.12720245186617
194.81449884839492
191.93559150921126
190.77321271920997
192.11016490473386
204.05254324505293
202.11991709458846
194.29979229671767
195.3321336789941
195.52049283753615
196.46483279548636
188.31917655483898
187.90000717554355
188.67075611986593
188.78145397026807
189.16568449014235
189.81033908064745
181.07712055679613
173.35423662273277
171.69616966139773
172.80022091336593
170.79318879549848
171.61059195894293
171.68785229397864
164.53152568923383
165.32404072105385
167.7790401306653
166.57935802941955
165.3812671710011
165.54530867821657
167.13303540340286
166.6948308005508
165.78836003052092
165.62887125882742
165.1199758073531
166.04180730767712
165.3927680845459
166.53099682607055
167.5268490304882
166.40774971586328
166.87289529597237
166.44375566659994
160.98236408693134
158.8685094165936
159.91964695305182
165.9364016345737
165.61977363953156
165.60710776069814
159.88574054119573
159.15353325475976
150.5217931520987
150.79042672410046
150.96822653720238
146.33975243940594
146.0242261998379
146.11812446889465
144.6987744373547
147.10224386882376
147.6910930932852
146.64758856679086
140.46460182202875
140.59929403730274
146.76582785771092
147.2660833723527
147.49332365869913
146.30714307050062
146.04919911745563
145.93249605709804
147.4595949528246
146.55739123307785
146.86335981387185
146.6733003856058
146.57736923092526
145.78354310857023
147.87767068033602
148.26827083629027
148.22458657480743
148.4031821290868
146.36674645371772
146.86430935931057
147.95570515020654
146.28731871912524
148.618521918011
141.94866085383202
141.6057110553671
136.75966351477834
137.08968348193292
136.54770128813854
136.35185120986696
136.19525151589042
136.03593177500971
137.53773974550185
137.11249452737493
137.8509589021703
138.5471286164346
138.68537682898275
137.61320197499577
130.3222088499149
130.93541320108054
131.51053364703975
131.1807261585765
131.87706104898135
131.5948642989785
125.10516334879871
132.03725747048796
133.41787779177335
134.08256245247665
133.45372341319697
132.2726599346353
140.93708666572144
140.05663920333785
139.98874420580236
139.60640408249174
140.17658511641642
146.34958752999748
155.40360378754343
154.10334264484754
153.94279547779576
161.04521218111182
166.11192961735202
173.85047397701263
174.96746550242034
176.09310751285125
176.9002021070353
176.09757910276832
176.68336889075658
176.632140004847
176.92171044882667
176.5422009954716
176.30218890399883
178.2235572881691
177.84923477432915
177.40679400374
176.36406423540882
177.75557780277205
177.21846076373035
178.20830300183965
177.69847893393998
178.11418307263932
177.2324402281402
178.79623154837577
178.85569825624535
178.74193107813724
176.98473010003764
178.0541404545527
170.5251261006426
164.00903241275913
163.74900208693504
164.41523161848895
163.4282318576767
162.74558218691374
163.52508689296224
163.5300123881195
163.1564851392538
163.16811051181807
164.39834633800172
169.19594019933243
178.42801778302535
178.10539813759056
186.82004297675945
193.64534151334536
198.7213709136626
198.99919894915726
207.90765059749404
207.5622667552242
206.6909575346223
216.15243332029218
214.66556901341872
214.79293721603673
215.65966495912494
207.74507475709316
203.15927907171573
202.44360946249185
196.7445296914503
196.85026487102922
198.286171985565
205.45672890568568
205.00787089897688
204.26549426243437
205.12661640172303
203.9094515253286
204.1555756167532
205.86617796135866
203.05457465564228
205.7044740549399
204.44758886376644
204.32324835745004
204.02654160822146
197.9439944535724
197.48723873822334
204.31399544175423
194.8831607466814
194.553051739198
194.3527556626603
195.68405164291445
194.4040656099775
188.3032328797111
189.49505417488766
187.9246417125477
187.484194436171
189.1352310677537
188.04406506572096
181.70418762329484
183.0006663971101
182.0205647648588
189.85562079051678
189.07777274026355
181.72483179938263
182.01501797356713
181.3246697905168
180.80471836323213
172.11752131732555
172.48943920247197
172.02173625919826
170.64726052958272
170.1170214033167
171.65202395297501
168.1036821532465
171.48023897075953
172.8882819054202
171.3553337789596
172.8062724458797
172.5228216106587
174.26723253615086
175.22726973437497
176.46549808570867
174.64864729302133
173.8048843598031
174.0493076472048
175.18826075544834
168.15446079631465
166.55944048724592
167.539234274388
159.98089795049796
160.36166580741292
160.00780159719943
159.2256053379588
160.63726494892757
160.2572667506579
158.70417110447616
153.49844636780153
153.57122278625175
154.03769037999106
145.56138718359438
145.38717062413642
145.46406056202377
145.20317981917353
146.03111845259366
145.7458541076159
145.91478140675824
146.29274353003052
146.60659375979867
145.72532902876844
145.6836442850406
147.10086592816637
146.0132397789781
145.338247129644
146.51188074304972
146.55179218293273
146.6687248098429
137.79577651395124
145.13399440688556
148.0313404070943
147.97356620053944
148.08327578684737
158.71407584499977
157.15169233414812
155.7252859573933
156.18833847696433
157.18835191747496
157.23364964598903
157.54524017694686
157.35560044002813
151.36573629594847
150.13610223025424
150.23930403309626
150.36836817902622
148.39505366479688
157.13204739153164
157.19713865645602
156.92130855314366
158.1281904661669
157.27028167655223
156.20640407107672
156.586025797338
157.32810977029206
157.1007800987798
155.90147915319935
157.66656855899205
157.68268331066682
156.6338283231403
158.46274525643065
157.37471257974164
157.54246825631947
166.28972473664845
163.71853345210425
158.87751529773126
158.83895939460749
159.31671366896632
158.75474116673155
164.2756850765118
157.7284756913241
157.69888958757016
149.44216738635836
151.70177771440268
150.43900764129282
151.83467674901533
150.80113658450105
148.33978035727236
148.85659971420708
148.4485136884531
149.50742420868764
149.94148214401974
149.0001373073974
141.70903227816598
140.49748006299188
141.0442308071641
141.3047787378769
140.9297464509644
142.0399577248541
140.81160957745507
141.69688425348195
141.42395847843113
140.37334886445024
148.0524946722268
147.581683857099
147.5150088695916
146.7102466866899
147.3287360709099
132.8583120716737
132.54570363430963
131.49484062497794
140.08913409420873
139.2397240428271
140.1855952864114
139.3692293606751
138.83020483648556
137.15152483692708
137.59650301771174
135.09592952933826
137.28016131731422
136.9044970035952
138.0876311541483
145.46222939757573
144.60681583693713
150.21327477561738
151.31867856101243
152.16746275160202
151.75691784801654
156.99160010557026
157.15033015785582
156.9673708313914
156.38302051221123
157.06056715830633
158.92822482316706
151.37818737641763
152.21057443713067
158.8380529777138
166.6619423474626
167.98579231829993
167.1124025059264
168.01376272052877
167.15085857211997
167.17327531743146
167.95533316025603
166.61198064127058
166.85761308923912
167.07332736500996
165.1336499882256
169.50476026550118
176.4832207340131
175.7389947270801
175.0715727330712
174.99169662910163
175.23736342460757
175.36051659672736
175.09721124472145
175.39899150749878
175.79139848496442
174.39719789980114
173.82520113335207
174.46971440336785
176.74470964069974
175.58020391128275
175.59051235761407
183.86676400427737
182.64156623128693
190.59727365575108
190.53171608312792
192.12279511274002
191.43782408787155
182.77308562096218
182.05510781884902
183.5814775101578
180.68178513115686
181.68334954723144
181.56948136411788
181.84083575428744
181.03734491991227
186.42477971555562
193.45200233617732
193.80150364342032
187.1068016818265
184.5668138248498
185.63008549520816
185.94794427782924
185.43960703450523
187.19458664688915
186.2856469006979
180.27722576158155
172.77134063334333
172.50207393643512
165.8136851457141
167.33918811379428
165.3575230144734
159.295861957467
166.01989542725212
166.174473930482
172.8110124858784
173.19678355808375
173.87008285349705
174.68036540563654
173.5566306504138
181.224258420368
180.89502605869575
174.27735740238953
174.29557344738637
175.79676105421635
174.89878850112999
180.85299087966715
181.86471869557482
180.5831124635825
180.59593382716287
180.93783398119513
181.26113814288323
180.869442961404
181.38806567935262
175.59391936137328
175.53205576690655
174.53105917194847
174.54078109822993
182.99060727094704
181.806164517427
183.00996644986384
181.25474388842434
182.40854587234858
181.79928661428036
182.22564186881124
190.57227320822528
190.8148006809279
197.63225861362227
197.18926896694163
195.92657685384174
195.84463597989614
195.76666797925964
203.73912168941558
196.99378490243342
196.16274276026414
205.34708656987027
203.92197937360805
211.92876264788006
212.88773192289528
212.18503610688992
213.6186981185923
211.77336957907255
214.06346033663436
213.03256869141103
213.65112495673364
212.14383608801919
213.8221166437663
213.36094003504903
212.73015625509308
206.9483084271944
214.20638370596328
215.84074688242285
206.72257874531232
204.4938338481545
203.99293258818406
212.3940995859551
213.4065851000668
213.40691305441004
212.60299455627896
213.215119052506
214.29646221300786
213.44352385999582
211.15356761386343
211.56703377107027
210.798653425046
211.65559480165544
211.15553777141554
205.23297799969336
205.76834104180406
206.55236274604684
205.10909504678625
198.76210807489394
198.45512410720076
196.17386684231624
188.3881624598035
187.69869985569972
187.46321544280056
195.02315326988102
196.63182930359943
196.28096968712134
196.23599327022848
188.84104849781298
189.13652431343903
188.87618219129018
189.1415204770363
188.49695193225406
188.38145802346216
189.3015045617521
189.95220750685655
188.160201856718
188.4077821846655
188.68503373464057
187.84136108869018
194.7282105615275
195.60769239783747
195.41279984346065
196.65095148118948
180.51637058079191
179.96218510808572
180.73883848435062
179.3090725219637
179.2616604493505
179.99537678718448
178.58958866134807
179.35416687025707
179.59432874228276
179.36247779775934
179.09193496997474
178.98748308290746
179.8177127449746
178.5528562979691
172.42151863368466
164.97481043698667
164.5005378114972
165.78584043078448
172.7346749779619
176.64251427063917
175.5081970641085
177.69792997288516
170.01745451835646
172.4471961788869
171.46716554971061
169.72580149681218
169.91216519854962
162.12747918497544
162.70720805158481
160.72104235595455
161.3007157358137
159.95136831369666
160.0550877572514
162.50682861586245
162.48579957486842
155.6146339403654
155.6822440145839
155.6765261902874
156.07794068835238
156.98485568428006
156.21367192783174
155.75711344393147
156.20546079038587
155.58989591313693
144.8541095624902
146.0759141375483
146.29050909616333
145.75144260048788
146.78312190071716
146.51845457471566
146.71377438660662
146.67469665603912
146.97075544137917
147.16039431326786
147.48060664046739
147.49598120485695
146.8259273795988
139.28533612025583
139.76019991086457
138.95474671384923
138.66368360715074
139.44291353104623
138.6302769310729
145.84718453859028
144.7759509912978
145.5012746150667
144.9380423595087
146.5131999050674
146.35006007128862
154.5271071157344
154.81931554421357
154.99459035207596
162.1699158268669
162.61111171194383
162.8456103870667
165.16177864108204
162.0421428931529
162.07173551409284
169.97413022884302
169.4414683031247
171.1710006578518
171.76482508117664
170.6693334650196
168.92444155802306
170.1583395296509
171.9784942979674
170.74402774009855
178.0747460183171
171.22715269919317
170.58961998529395
178.44591593244635
179.16972630127242
178.42158560313348
177.05534749504926
176.51349560052967
177.783877101545
178.42618814052648
177.08148138532502
168.61891007098203
167.58092159944218
167.9135059895804
169.100367604363
169.03483667884063
169.27755216792937
169.27144091642515
169.14991812321384
169.01583038655102
170.2674837824822
169.53000083617636
171.29456446564456
169.4298784064745
170.9616932691192
169.28758575630167
170.1384174210176
171.3032919581509
169.50648556585867
169.82567462788884
169.10909788744226
161.72479502379227
161.69131393526746
161.8803622496969
170.10757575299033
170.31753458803365
169.96666491512892
169.74839933557882
177.01162742625033
178.9975027583079
179.15331829574814
179.63636862154206
178.48562473100566
178.86275887800065
171.88422315014134
170.9937192567213
170.42477131751764
170.405149448688
169.28882744721113
170.82084550140343
178.0700315612983
177.91066399300558
177.72739380667997
177.27560504046664
177.5927502621657
178.4031888100886
178.5823316670161
177.3415026195283
178.30932253009476
178.43778395189656
185.85633334352656
186.97618897079104
185.14768916757544
186.78591060063965
197.25422939280975
196.53833660157852
196.47575674213167
197.48364773005528
196.07949092489457
196.4626017266902
196.81655099155637
196.46041020359084
196.19003744153815
195.88887856573047
195.36463734265658
196.15567167524037
195.5853195916922
194.70071567781818
195.5010939440471
186.5029686830561
187.30118820441137
186.97868456398967
187.17601768983957
187.44964624381035
188.9037241538436
188.06770399220952
187.61713340568437
187.80230248893832
188.8956586398733
197.63907505646065
198.04317972375452
207.15697733498314
216.03756688197745
213.89204971750723
214.03190440818227
215.13662068498468
214.64222417699202
213.41360801453914
208.4622310657487
208.84961493024892
205.76387138133992
207.36919229847942
205.73297557479324
206.06888815884383
206.63524990178217
208.7047229531817
207.62061769590312
206.50651488759576
203.92125692021153
205.83749881991886
204.40759584981677
204.55533897278997
204.73653502522367
203.32971505971565
205.7146240933045
205.70393657510627
204.06679628774825
206.16945221494666
205.13182408934554
199.03755295956526
198.98012829251988
197.15437697857104
198.1394524889931
197.50221376418568
199.35676224271504
198.91498499932135
198.483610524415
197.6622917183483
198.72299915435988
189.86717653448449
189.27585247011086
189.06991766117508
189.60880230402702
189.57081045906887
188.74307660954054
188.30024267511024
196.87581882298926
196.0142972721196
196.5201750585485
196.98871013629613
187.0316989622854
188.64816979320037
188.0408109611048
186.834604445995
186.92807737032754
187.8024214056285
197.59727728927052
195.41239190872247
195.57888969392994
195.53844951733737
196.984692663626
195.77222012866906
194.96841405447913
194.7845794400228
196.154943433744
187.80789989894623
188.10821060109276
187.74673146841843
188.13357175904386
185.6961948013858
187.95692365172985
188.26322202048433
187.40417361766058
188.09218827052342
187.58518086062193
195.41554323491505
201.5217835451726
202.22697492515857
201.9749338694426
201.7596164052277
205.6677670122662
206.33799266964934
206.88803302917503
203.74094372092375
204.28190775574234
194.25498321608535
192.29799876741362
193.78872705892124
191.9198437715341
192.58297309527563
192.67286707996357
201.25799673736267
205.00200967970403
206.4944218372653
206.95366871761692
207.32159650124285
207.4957030060045
199.6389172915887
201.1233246251439
191.80921177977106
191.9230424132902
192.80487008381613
193.93394768506542
192.2590907011057
193.93761774800117
191.9219135605419
190.87941775325044
191.49326554859528
191.786550026796
191.30523189542998
192.8239618855271
191.67399611643046
192.85907741402414
191.13880318668686
190.54124465287197
190.87002063956945
190.02857374158515
189.72866045472028
183.88608994629703
192.55228362600892
192.4143460921734
194.2246126475853
192.2400511395152
191.70987192570252
192.98276739719304
194.80305384154502
190.62060689524068
183.26654193687398
191.44906678828622
190.3150080687782
190.96394229801786
189.9306690558877
191.16491217016602
192.08386041214655
190.38933647628573
197.33194356252486
196.8541681910225
198.3970926187835
198.2854973179253
197.65399470082303
197.26780073825148
197.52963311862518
197.32799413437226
197.57636083047797
198.3623031331519
197.46503909696608
198.51289779719906
198.24439455820215
198.24949152980372
197.6971852280859
197.1341216509518
195.3314629616229
195.57733570689783
195.63494605772325
195.69724467488305
196.43875559924
196.70516180881788
195.9704802021241
197.24510846581816
195.33287252052907
196.08490171247746
195.08618613384513
195.45660240242327
194.77771238789646
195.33323511681743
187.78395285789523
187.51770458885736
188.4533217817923
188.77210338172463
187.7908504443021
188.45053471390355
182.1033016668062
181.51154054765436
180.96305775687418
181.55995809740182
182.36517158408353
181.05628789281445
181.99888794815126
182.39030921279578
182.10278555585424
180.98701449377214
181.00659868881297
182.59347186947994
174.989149305243
174.19871645128393
174.11566360016815
173.94951558079177
176.1974757050533
175.78232723722093
175.9063956257033
186.00680818949496
184.70718291918794
184.2336431753898
182.3243178351733
180.7879222182045
181.9921331124009
180.75435374402
183.1538314856713
181.56139257160592
180.79957131147387
180.55658056689566
181.56302502430273
181.65297958660116
180.5554335331108
173.08559362956908
173.58246012510006
173.68459146687366
174.08723565758504
174.2957395256118
173.84365967718918
173.35574807637468
174.68993144129348
173.8082990985073
173.68625158123655
165.81320599861402
165.94229455007044
166.70093694118847
167.78250830985723
166.83447960387673
167.05358428568607
174.8545204211266
180.89699061721174
164.18862380790077
164.06687851407617
165.55357768063152
164.01125215714424
165.08764300155866
165.31237334659144
165.51054527645195
164.57780089711613
157.41515127941824
157.39763397286677
165.24633508624973
165.17942912660553
164.53749389439687
164.62710689648233
163.6112956352067
171.59948455579843
169.56287347240257
169.18829452684872
176.68328702172073
176.9602022357496
177.32885158919822
177.65138848454447
178.44367209496676
176.16191529471988
176.30079360987577
178.57527009271013
178.59046323790244
176.8488733869508
178.22955379176867
176.6671000943713
177.42502940598845
177.02940029549507
177.94114867286967
180.44035208157158
179.1421685941734
179.54849745381458
169.91398037277335
178.6908505752008
185.91519929053374
185.78972965673964
184.54441642801845
170.57367918374266
168.50646990126683
167.88925624016795
169.3128707708596
160.79301684993075
159.77818860658022
160.37574933548865
159.4539462844221
159.93208731385397
159.76873953616317
159.1613661844144
159.28509725809218
160.62326792293734
159.81896996751644
161.10206809246083
167.76714292110148
166.83219743283504
169.32319280623884
176.39610972803175
182.69279875153575
190.59485912171166
191.07805802412886
190.65425878795156
199.95050155089575
199.29719958633834
198.9205151609149
200.29540926004606
201.23654244499545
199.962374162704
200.47835392838607
200.35256938149914
194.2460852355619
193.7274152027987
193.81901263924385
202.57051115395163
193.8566059541593
179.4689597964155
179.16539293722727
179.6765328781891
170.64592347669526
169.90768288871408
170.08564163133923
168.40098275719592
170.82399265718436
171.2132500097834
178.50790966797192
178.0000905423688
178.2372576288561
176.8788102088676
177.79915802790407
178.6283448351407
177.027276803404
177.40839454045397
177.6875344883581
177.84452188329183
177.76450497246174
178.7096300290852
186.69554041246914
186.04769396190832
179.39442708660616
178.5740005342235
179.54333275116286
180.27794351938763
179.65195208407883
179.36685305480862
179.63015680518706
178.07691083233374
178.6453582861014
188.44891788348448
189.61963686556876
193.30239299203694
194.17107581368137
193.87408822736185
187.54848764665914
193.7859209580109
200.55487935830791
199.6312874654394
200.70437717554597
207.67216884875563
207.85898503327294
208.73451893121623
208.65002015017072
208.15057635990746
208.65390345153094
209.9813850493001
207.01486151629396
219.03389554901898
217.9513685426657
217.69972233380787
218.79459207707953
221.15212326607403
219.73412456776197
221.5914497360414
220.40962629787273
220.52764126974685
219.97043430424114
220.91004086891948
219.11658223251203
226.7498889090662
225.97627429103548
227.0718851123178
225.05760300789885
227.05300874847552
226.9254732741876
225.65319417451275
226.05405763729982
216.97912650239772
216.66593442434842
217.1403950893902
217.21632507646197
217.58680283460032
216.35799848578017
201.3780986610653
202.86552109458435
191.1342139823589
191.23077281949284
183.61306338316828
182.92420800010237
182.8392666529032
190.86688669735202
187.68553853076608
181.36225285713962
179.98258474868766
191.22004130818635
192.3119367260654
191.56803600450186
191.35538946967876
191.9113744194386
201.47962113115398
189.54264598751715
189.275566366432
188.91526742204704
188.38067243267142
188.90340380971256
195.71082284868677
190.48779875880538
189.95500959010238
188.5043329890848
190.01842716316042
189.29474607492597
182.3610949308029
180.4238474442588
181.13619824656098
175.25701142858802
175.1605177292162
174.0230514017686
173.0181635541908
174.1394797758247
173.57429472644154
165.7214497717358
165.13923618208622
166.14418098376478
165.364329017993
158.60912481400584
158.12720613639195
158.70249008089618
159.64293758082007
159.1502610706286
159.2164670017644
164.21667309684577
165.62078003893834
165.37733359012574
163.8288488107574
165.24444307339402
155.79488911134817
156.17643395639612
160.80710696392748
153.73588101333377
154.96087309816883
146.69834951545488
149.1527348849288
149.17264470195482
147.58681239239525
148.83903826257793
148.64708774819613
147.97062384670159
146.90144808832738
149.48790990532888
148.21019667104505
156.6369529522581
149.42651232127545
149.77309936097177
156.69903775622694
158.0200051316155
156.4662851417419
156.52170473611795
157.41981002102446
