1524980235.633262
1852519086.5931766
2460819734.493209
2698551266.510687
2995331508.032174
2901963583.7621574
2705649826.8220887
2736675070.369232
2952006410.4123425
2772620114.346079
2761897614.2193303
2515710027.7235036
1947920114.130525
2852254512.3135853
2579598954.185057
2164647617.8543286
2389476312.5969996
2382590001.13877
2453485956.974741
2716926542.480868
2581646062.761728
2929726197.0951805
2673068274.1828923
2557317314.0750356
2840022222.079037
2446192437.5574274
2223773989.208312
2530600966.666481
2883137245.4590416
2572415617.582746
2821960190.0103383
2512807656.1677766
1676870314.159395
2600964668.98281
2709457629.1312423
2115086270.934207
2684624677.223396
2924193307.6413965
2712757055.32675
2529510336.9243245
2429148294.0894547
2539065998.5994153
2352601653.1730847
2410024076.450298
2538755263.509497
2672074783.926369
2565087014.494625
2353516152.234446
2374549166.6991715
2809267084.741292
2631935267.1146054
2782105589.0561576
2420236581.69497
2952348718.559581
2421817896.504382
2820601868.33907
2724388098.1589117
2921761208.591042
2853631382.2921686
2970696962.4674797
2836755792.4127584
2475981654.36797
2662818761.987814
2638639203.1677175
2457085009.1577215
2903212766.3372574
2886340458.348141
2919565781.201103
3007568575.480457
2694252539.2615423
2894861458.517658
2819414714.8583593
2920931358.57309
2919167211.7249837
2814972616.8698044
2937323437.0151186
2833677991.313444
2806842356.285456
2846836156.1785946
2968346082.240366
2729882305.751577
2837631966.62941
2946478753.7038984
2882633008.0841045
2916143895.458371
3040422601.147776
2979577716.6339703
2961312123.503247
3002931952.804277
3046968247.957958
3044402569.758627
2812906450.7950516
2874933605.228238
2940509982.2226644
2827087171.298307
2978662409.4456363
3022184434.136362
3084032434.7337584
2985405263.16387
2914491290.0648
2935747754.245044
2966961666.0925865
2806727933.688737
2935381520.952299
3000549896.639501
3002826711.671645
2913190568.3768344
2934789786.0494666
2895235477.577435
2997939674.6319466
2937183381.427541
2896299841.77787
3088345960.342069
2917085829.9011507
2924931265.597311
2830031545.1846437
2899247001.289881
2998803090.911541
2873505462.47855
2952683115.3339415
2900595934.1843543
3001107682.400286
2814573872.8763456
2990927836.8712044
2806802505.0411325
2987229561.7654176
2974102285.956773
3040885900.889186
2958994721.7220817
2817837177.7101483
2919438014.2522917
2949880029.571267
2992276837.8740973
2867803313.746888
2928847147.6018414
2854797958.912936
3017835038.4424176
2945560451.922553
2980277694.9564447
2933781719.1141477
2832896701.748581
3036776987.614747
2990064043.4531946
2963462456.091255
2960585927.6446395
2943156859.066714
2940936540.2571454
2958434974.6792603
2965676577.137249
2885175430.3540277
2813696697.5263953
2935515233.603271
2990371503.949606
2996875547.7443767
3008940131.549227
2931909436.740383
2839924874.3800635
2861217889.1261888
2879645924.643034
2872633759.3449697
2857001504.534731
2975191735.4704633
2995034245.7934813
3063198268.296664
3092281231.432914
2963084357.9501605
2914280761.5964355
2953206965.127299
3044314681.220913
3001764777.5749884
2958408147.485881
2990635809.276051
2848024198.0608497
2967778322.932719
2919010951.135671
2949915756.3145895
2904103027.322143
2802237552.1281743
2997786835.385228
3021547728.446881
2999849521.59932
2972580417.3493476
3028229731.8985434
3084156430.645359
3049269055.9204707
2998427244.2226872
3068546311.570042
2935936675.3063126
3015215003.991431
3054116986.6814494
3055608844.8002214
3013267858.576805
2829895215.107853
2945248662.8104644
2893998985.8442764
2879290729.832497
2974559904.919873
2944862610.269296
2920824700.3442254
2891376564.180415
3023867241.509972
2920934325.0078006
2904555283.801961
2939169157.3082232
2883201782.972621
2924349947.0883193
2907549905.692629
2962632759.433344
2932393350.4856715
2904350790.416417
3021408902.9995866
2938206848.760844
2914073200.5691004
3143869152.357393
3101701548.557459
2940025975.386812
2912931040.1682715
2965231767.488085
2966942224.17393
2942603323.3396087
2873362212.654097
2941975321.6151905
2939769481.1100287
3004844474.797429
3050390523.3644457
3056264425.9259634
2986128712.549652
2910125011.5930486
2801163271.844133
2991527307.131757
2870006393.1222353
2934198862.3644056
3054349041.6172576
2880281172.03872
2992443113.3628755
2994782816.291549
3023622849.991272
2963139042.7911158
2852762686.984051
2963679892.512821
2983905966.48563
2936028431.878424
3041479620.6725674
3013223945.888275
3098817688.582772
3065254978.710616
3005775101.776605
2908408491.950183
2942429123.1333184
2983489133.698086
2975950541.3948874
3028991165.124433
2966002032.346506
2996417364.152302
2995222977.2455115
2955936420.2333407
2984608844.4653296
2923751181.818051
2917384110.5262146
2860959746.143293
3015893634.571374
2890879166.070972
2972335819.8169937
2964360083.2178736
2940088060.623717
2898164188.949439
2835514218.719012
2924820050.962397
2979346881.4321275
2934331013.599331
2965217086.183032
2989224907.242113
2966536759.145656
3108437625.4594264
3009070980.2332115
3012212630.4337783
3084950496.056813
3101918036.9981074
3016524243.7414627
2923860777.8032403
2915365192.5305433
2927305760.781209
3014666732.5165286
2977130281.553947
3073379551.466743
2989069372.8105373
3004113102.3663864
3069062648.1737003
3062954018.8260503
3172659016.236198
3081209281.191777
3028446833.137512
2910532366.7230988
2881031353.4434614
2927929928.2585187
2935573585.904124
2908238422.744439
2917005629.017808
2904363963.4652863
2997244807.0540094
2986240180.962586
2946542148.753442
2990828554.259802
2936768233.9191318
2968426823.791952
2967716604.6233797
2988001983.287372
3001671035.2199545
3045817429.8317046
3022627551.9352016
3043338883.0891347
3070977150.9469023
3073764986.176768
2991702287.0773797
3029030006.3975983
2952150927.2218924
2973533178.343794
2977286414.9303284
2974874606.7617073
2892114172.594885
2923959771.2931194
3001502780.3940187
3036514753.919257
2982315878.9310603
3030106750.178274
2972801664.825482
2982993655.306231
2899581011.272126
2933799604.320779
2897184200.972068
2891264467.210157
2953050130.996435
2838347537.0787077
2859046681.7690997
2875196533.2395225
2910892680.929176
2884579448.01017
3016191203.556588
2966191897.385723
3005067908.993323
2961298775.864703
2914122999.07982
2954211009.490763
2841612291.4680123
2903887672.105677
2956356884.4061513
3086993453.6247616
3012178129.8211384
2982208658.7465973
2993091853.0352554
3016736257.7914085
2998205307.097679
3033405046.834209
3049025284.06566
3042394986.3598247
3084628599.423485
3082532877.982945
2954097304.376338
2921120768.647272
2933866676.403861
2950988566.8233995
3053377412.1472087
3066667258.805415
3013259016.12763
2890945380.086702
2964320871.7710433
2953038614.9132013
2948023020.539329
2924622147.9235306
2937928240.698573
3022507309.3951845
2989397123.534249
3019576250.1929274
2942494830.9135976
2844742317.4485674
2869866805.645907
2863410187.053465
2957401871.455158
2983218680.8895802
3019640587.058416
2949864449.3591437
2901590885.109016
2933750842.9447145
3022165806.1166224
2979843110.047052
2968161866.248623
2879644371.712201
3016871449.9900312
2976101354.7456756
2967468835.088668
2915421063.5536084
3010838046.848528
2971198890.758132
2957129113.935478
3029491662.7068663
2926740067.135467
2940939303.9988737
2937618021.4422565
2987259343.923265
2800176695.537121
2912427671.0947423
2876032614.4743433
2901439847.9025044
2894603621.3808684
2935615957.520938
2898091380.050832
2915179555.9333186
2961821751.1699204
2962193781.4513464
2992078328.6101546
2888205473.833476
3004822741.2629848
2959822849.227213
2974269534.445558
2935413160.119119
2942033755.6549654
2945240067.031714
2876148292.6403117
2926751667.2341003
2943987373.5707383
2896109797.1135178
2915552086.685825
2925704848.2615595
2980723125.787803
2988851096.70791
2982756092.404372
2960425676.9064684
2962304770.889331
2988742941.321749
2972198978.9650393
2983134003.815215
2999511699.316082
3010002827.944378
2926784232.3550057
2881793387.6589484
2959178624.114878
3080754835.6127906
3095748066.996432
3030466441.49416
3075835119.3225236
3052497522.4031305
3045017165.464266
3034856210.7528305
3036819099.1977515
3093617566.306818
3036825817.667363
3090972716.7656846
3059656337.5055027
3014313672.427666
3032218549.5257225
3002312633.536474
2990382725.868701
3024473607.5808034
3007630843.0883865
2926615796.126273
2946721874.6429744
2897087259.7208414
2950331136.138899
3017281931.82545
2866666231.194594
2911203496.7957835
2864467834.212492
2852268282.557989
2832307344.236599
2959851810.3503942
2933173153.208998
2899072075.267605
2912430705.184444
3006529966.813384
2959599825.0599523
3047055193.3760195
3007851192.281639
3080993122.906327
3028289620.7651014
2989392506.518969
2972617122.103751
2935228351.208456
2920908451.5115733
2940686326.812472
2918145167.632678
2850154199.208354
2864163394.070758
2859997144.07745
2865813065.3352203
2894669907.4758
2921905400.2730293
2973228023.259583
2993487111.166411
2855722420.2194643
3033054773.936303
3056273075.164092
2958755835.5747085
3022838375.4944854
2883697764.963158
2933964109.2938166
2892309245.5101986
2880015616.94294
2915186893.6536093
2887600439.3262787
2894769046.878483
2942976549.5580964
2955201303.6180406
2901169576.1325817
2917391959.6676683
2878790456.8870115
2842973987.078506
2896910045.0491896
2940213116.9769454
2920151203.967007
2926673153.648111
2889341306.611386
2932727842.839569
2981161432.8418446
3039531499.820788
3009854266.019607
3052635516.934694
3019453667.771274
3003382502.9120293
3044130441.200738
3017337998.48277
2975987019.0278645
3051459185.0015097
3104822519.687297
3138565036.818575
3023253363.329119
3048122723.78391
2971562139.3471007
2927553477.1579323
2905556478.876826
2974354343.9289513
2979667060.144945
2984633852.4637713
3008270443.8480906
3001609497.549237
3029668057.3640566
2984877082.67139
3046679326.9798365
2969290716.3043222
2952695016.797668
2925666175.774821
2896162243.358459
2933726055.063277
2933847905.305484
2920123685.360552
3008711292.7193446
2953455328.6021156
2966626093.9396353
2978517555.210026
3002418746.296247
3010090328.69242
3043698552.229558
3016360450.4063683
3060029377.0485215
3038702994.9885664
3067908963.503774
2990757365.9743896
2931433457.89356
2986780211.4004126
2990584496.230835
2992323173.761478
2963073423.956224
2990997457.7078576
3026199688.4656425
3000910792.405511
2940450277.3119726
2973664680.5866213
2920674037.550048
2961057054.9084353
2911871416.9938254
2914554684.8083096
2900670545.122743
2938525179.9341993
2977494840.9520216
2979648061.408968
3001668755.5414586
2971864097.786046
3068618330.6742764
3017664177.2888556
2933512840.795525
2915423236.705781
2996553006.3656435
2950063655.375136
2873344352.2069974
2942176810.3000836
2938202533.5670953
2973432719.5727034
3032275143.4884696
2957899772.660904
2880295463.14239
2874627729.066351
2892192858.936901
2876188188.949476
2897744515.0024085
2972599139.962025
2995563130.3826776
2952259950.729768
2979304303.5906367
3016195218.0472403
2957294852.550298
2987787091.1958246
2964331614.4136543
3034827861.275576
2977379205.255864
2979948211.8287697
2931688944.9888206
2995277740.6318965
2946231272.7155237
3010564633.987105
2985066483.6412997
3012978078.325642
2989393980.6695876
3061494916.966175
3155341617.88907
3136074163.8373976
3119093160.212819
3048625252.3481483
3027636769.4941473
3065101137.840714
3090460451.830303
3086829088.1074758
3046211663.6189504
3137906165.3625712
3111483199.4871187
3090418196.233859
3154173090.805572
3047887441.7882557
3016087103.4052277
3053954917.104275
3070030669.682394
3081305877.2145624
3100812258.7803645
3077388881.8047547
2999510618.6784153
3058321806.464287
3049018111.260952
3070989238.3063917
3163910406.808608
3153289785.46753
3055525588.1307287
3174772498.1271877
3199152419.678926
3177540912.834431
3121263122.405067
3061631607.807407
3101563973.1766467
3098866526.6846976
3060097206.7004385
3038530799.8882008
3116913536.2759047
3088766718.9073987
3097837146.659704
3092636444.9870067
3051512701.8332195
3054802509.4516273
3087495800.1991854
3079635248.971514
3107595444.3063025
3132914180.324937
3128372490.1970463
3150833445.439451
3117838575.688076
3132496383.0743194
3162658278.1290565
3050153950.8547716
3127763345.3725424
3115708795.733626
3136492719.119827
3046330502.9614124
3083638847.6223187
3063964360.024755
3063473066.925465
2995792446.157505
3175489083.418169
3042937208.793599
3047190242.0316133
3089411432.862394
3110882148.901518
3080610763.8994284
3066323367.442694
3146207655.1979823
3214091585.7456155
3084882201.511705
3062766336.3597608
3148199214.539022
3127521292.248653
3083441608.9584002
3033281542.530599
3042282132.095519
2986053144.556428
2985696944.3071737
2944677709.2003984
2850012661.9388876
2928316030.209127
2862474379.4217153
2897502134.133701
2854417241.9127884
2877906105.5598574
2863615148.9337745
2843798036.0428476
2910422949.7894573
2942111567.5895004
2996511960.187062
3015072346.2079043
3097564966.1196404
3109379492.4032598
3009464555.403989
2911655536.3670306
2967619745.2869253
2959155434.6392426
3034459206.5546064
3001371528.750637
3045144437.0655627
3075465792.297998
3092290834.319499
3024316227.5602727
3122410678.3150883
3004310250.0129313
3059776761.0689554
3098455542.4148164
3080515060.6324396
3020933730.534388
3113845711.9817877
3148240562.129145
3181764559.8546686
3243282245.019992
3191521067.846316
3175851518.2186
3088352901.061239
3128728187.2260976
3136639868.8628283
3079887111.9590015
3084762178.169088
3061649728.9262824
2998415477.538991
3076108324.460531
3044661456.0972743
2963977239.5439262
3037883964.4240055
3018813966.811942
3027312125.4348307
2994709898.4790964
3034492222.8266726
3029484349.7019653
3015207970.4186864
2940813207.58048
2927752135.091365
2985065010.4423327
2894616145.9079027
2940912595.7864485
2919542615.1553316
2924735965.102155
2958308473.809997
2967740681.7413206
2919988593.9272413
2884910800.607012
2927305946.632652
2893863836.1327252
2922436722.364601
2949661604.9025373
2945785572.760994
2889490975.1446314
2903117961.9305687
2915817408.827849
2886619170.3807254
2891267778.807215
2911006857.1713996
2925613042.6776586
2933158860.6189466
2892651045.42569
2975629796.768563
2979646396.57035
2993525055.163001
3014275939.797915
3040306666.1235127
3014002440.0539765
3032061246.4341264
3001701053.851351
3022398585.628248
3048615950.751763
2982405750.852635
3042029892.74314
3030908167.800258
2960005414.7838597
2954129016.080567
3013558143.2580314
2989026011.071558
3020091240.5160084
3063438049.5757847
3058567576.2335343
2968746932.1530037
3023768349.0138016
2927682514.719729
2918019629.9898267
2923654936.2471786
2961058254.694063
2955175533.8964567
3023026966.56923
3049103831.241166
2945938195.174718
2961612135.024981
3010222779.9041824
2979857954.092411
2997922817.1623783
3033786932.2308006
2995546164.320669
3015408836.1608977
3021401628.959322
2934705413.529015
3010357947.2747664
2954722268.0070653
3004709876.659339
2980613360.368012
3033992587.916779
2967385671.1454234
3007268049.587417
2947124790.8573427
2969022576.421453
2997125332.0317597
3001478870.5423
3022102749.740154
2936373835.4803343
3055138035.1314955
2993565810.5266576
3040039551.38947
3041299368.216969
3054777302.584814
3056185073.7143474
3016088579.924049
2995506379.752323
2912932719.6112704
3013941802.4436355
3020104541.191758
2961348752.3921523
2994123475.555777
3040553028.0371895
3023766886.683604
3021237531.570409
3039423919.5815535
2982176210.8049345
3044681191.7099996
3032794084.5759273
3029753636.195288
2996983847.82161
2962535906.5431685
2976560122.456122
2981088334.5689487
2998282258.6692276
3031078050.671045
3037337901.244298
2945103360.7718496
2993932257.042475
2996276386.694762
2946597774.3600674
2983580289.0174904
2979721669.279513
3012552205.4829936
3004681083.864038
3006133437.5323634
2989396788.0122933
2978159031.344479
2931154953.296334
2975921017.702664
3030728972.577055
3035740265.216935
3019099847.0867615
2978736848.507259
2972769248.020594
2982098464.8396287
3010440300.194035
2973935148.458155
2976108101.6933346
2936160304.6655364
2912970230.037349
2903042124.667806
2962086719.8646474
2910909496.9336166
2875049521.654216
2917177158.9397407
2968222518.51621
2899862331.120745
2956468075.8510914
2952899903.3684845
2920689134.2053432
2931592826.03614
2929431308.654087
2952251184.02918
2924693572.678182
2966828173.531786
2959437895.15799
2893298188.0262346
2847035006.435811
2859565692.764733
2869674854.804149
2866407706.8506327
2821566065.075538
2846508011.478459
2867984988.2205973
2841025953.7513556
2875042530.7191486
2887109039.5116615
2869742386.0815105
2924990372.8449464
2901897585.357173
2937131709.613054
2966772882.694023
2994608763.3693724
2955539673.658974
2984895940.712895
2967487261.633051
2964941568.343922
2966883359.403686
3010648106.942505
2979905587.60394
2900111819.858202
2902821189.736244
2950254491.484113
2907533170.5154552
2851019822.991829
2851208666.1366563
2842946157.9711075
2864175618.9241157
2837566266.033286
2853115852.034309
2861456075.4707847
2898587144.717973
2885523882.678184
2905114934.02616
2870565506.1202116
2863850823.4856877
2828362951.714472
2858233295.0981135
2813978613.785387
2886278251.853922
2864422911.9345245
2871998420.649313
2795261184.9747915
2808699101.41874
2867411650.017267
2916154065.13061
2885433448.214014
2894009546.9508066
2929246452.080524
2935542755.8362885
2927255691.8320737
2973774564.6637826
2943458979.275037
2936219882.5980988
2894934410.0529966
2917567093.1111307
2942680845.1520743
2892762974.8668656
2974842897.03858
2954023271.026776
2947320930.807448
2957098051.309553
2896703544.172454
2963300791.029832
2944139791.011305
2951443777.0027633
2921343565.383128
2949854225.324896
2955196108.3212414
2910086831.808545
2937199521.2288556
3004733240.5548286
2959496114.6739826
2974121126.2052236
2969724673.1739287
2952771786.406061
3002960727.8237715
2946137173.268759
2934880026.5871964
2966815925.1960516
3012514408.3084135
2960310473.719487
3005562188.7059765
2989099809.4234743
3006833735.787128
3002797311.268719
2982953531.9989853
2993401096.0490155
3028580219.6200743
3018395629.1688557
3038891427.1244764
3030773555.9986744
3050549553.4854927
3026041855.7072196
3083215835.394211
3116505995.9977465
3100030184.578667
3056597737.5938234
3085068346.807373
3151960394.9018955
3110566912.355909
3118692565.7369485
3088008901.407728
3103159160.2447267
3045601181.030548
3077963423.578362
3096926619.7435513
2990875981.7077856
3001409302.426625
3055316065.9253993
3045228805.717604
2991559911.35539
2950984122.263663
2967414064.8395805
2957943371.6170435
2898994174.588282
2939361754.99513
2876514499.4615555
2901770022.944883
2857934955.7159786
2860921386.235843
2863212207.231541
2860233448.3891087
2929698275.54887
2943047436.6081743
2914775777.1202707
2948047935.9326835
2971647278.8464017
2923707492.727123
2969810247.2808704
2937315350.982607
2973070326.1756806
2958107252.807786
2953046938.5392685
2944546789.1625724
2905289726.962746
2868076196.079494
2921084659.7066617
2948486341.556926
2940638925.8706603
2904425741.1655793
3023989739.560102
2917236449.9982567
2956852466.9399824
3011311160.5550704
3076742595.0873456
2995243191.7088
3021442851.190343
2973519248.9585867
3012414109.7131076
2972981441.515127
3000326052.8732014
2998373081.365721
2985210891.454789
2978859360.5369177
2984637663.356071
2983611227.2362537
3031934857.031167
3077163319.733548
3038952757.193991
3087252119.1282105
3034750708.9833174
3076416800.337976
3082419705.5634704
3126664589.7679033
3042008088.7041926
3009835025.0954056
3006066797.8347244
3043294443.681316
3092320470.356816
3139933171.8872943
3171215918.014197
3180221369.500079
3144598907.2226715
3118041835.206292
3087513765.922882
3083796138.532265
3082728193.496274
3063048338.4931517
3042067533.5617137
3050746962.9321027
3029318404.8448453
3016169564.768831
2987468462.451477
2949460404.2587395
2960304372.4352703
2969015613.7723885
2964836620.8124766
2962031965.467079
2954896636.4513903
3029238973.35212
2932273759.2671766
2941224958.9170976
2971022754.785262
3012211645.3569875
2974993784.0070567
2934163598.35203
2923349019.3532777
2929887249.1110306
2848330584.085562
2948035787.3349338
2941101772.8279157
2910737477.976999
2909599411.3822327
2944184891.8246064
2923591801.117075
2940087553.0633388
2924521174.1343493
2961951086.9802012
2974397524.9854126
3013149337.589236
2979559937.5259104
3009985553.2631655
2935604896.700812
2944075639.978352
2950758950.5268254
2943345802.1661925
2939300861.0557656
3019034384.730028
2975203113.4274516
2956154354.731421
2930343002.788733
2986989060.8920135
2968300226.0830393
3001501106.749144
2928140344.691067
2945470465.684279
2984097555.15404
3009100476.409257
2961388045.2682223
2929902396.6113267
2948736184.899187
2955868322.6680646
2953552662.898969
2922395652.512053
2909490867.7753086
2920586577.18189
2920921194.950735
2952972013.0609727
2930900438.852178
2949227576.543622
2959382679.926803
2932978787.2413917
2947218338.2674804
2954496892.451253
2956181930.7719264
2887603751.8896437
2993167791.409286
2954439876.0315566
2977760702.0428076
2998243244.428525
2938584859.7898526
2880632238.225754
2943937944.1845326
2863976414.324731
2928057902.112121
2856663642.3666835
2922594953.773958
2874819029.0540624
2909280774.8348203
2862085759.5084896
2870521291.8164515
2868483144.4967046
2866579488.8343043
2876415443.786559
2890120908.649069
2882263544.619405
2867694398.4062033
2807823485.692882
2856068273.5112953
2796647575.1101127
2859904360.8512945
2864844391.8779597
2876258545.2022686
2880948848.6753635
2836617795.8026166
2904696177.960505
2928640946.987571
2848452420.5326686
2888866345.7117586
2891641882.659456
2892677944.515743
2903285009.9177823
2838963400.752761
2907542389.396654
2873938284.869201
2854383583.751759
2866040439.382469
2844801752.7509336
2915860204.545947
2884754238.121678
2848953972.2650466
2862304917.2169423
2913139757.4194264
2906408809.785708
2864948508.789169
2841543679.109274
2866813354.335142
2892648819.760109
2851229275.8421874
2825626995.5150814
2849665478.898979
2870140021.6074743
2956517020.720205
2911709312.3549986
2898335755.1299176
2926048073.657362
2859154609.6878304
2931340099.8209906
2900928791.88294
2902090895.8519993
2907907419.7500405
2960904156.6012955
2983788239.6767426
2968056958.2302766
2960814741.735043
2955306609.6754327
2987087432.176073
3027448172.3946066
3009859757.9721837
2985604541.8426285
2978968964.4133883
2977958197.3784537
3001401641.1805563
3037270331.3602805
3073004930.594602
3049548386.0224266
3112135007.9734163
3049084843.620225
3035955502.844291
3047478040.523779
3031436316.6140413
2963453641.9199715
2972045013.428596
3024287909.318084
3005338238.1312866
3004816397.583811
2959543938.2001214
2978869851.302862
3023293101.8936443
2985135915.241668
3006396001.1175394
2980756673.3234186
2958321198.0959287
3015657494.185227
2991270023.68735
2920641650.223863
2962675665.6075525
2930506219.4836664
2935270374.732199
2941940357.4833612
2951954331.211896
2970224446.136354
2956917008.9634304
2947853343.518198
2955603758.0363355
2965120350.103504
2952057382.400585
2960255534.8123064
2950345890.3354197
3007121801.300033
2968153822.6806526
2973864808.1370254
2918363193.8883896
2955803607.225488
2947291175.7851963
2943558636.6866703
2866196767.5429044
2974655799.74031
2968897718.0326834
2958246156.7775893
2949657378.9021897
2937619870.5642996
2925921037.508027
2886701485.0867434
2908023460.5468397
2933859759.6749063
2957968701.2103505
3010294425.20914
2985022095.755188
2967045166.042012
2939839285.995707
2975764125.708693
2961526637.819327
2998277372.1232514
2990834802.9667277
3004850679.2064834
2958702116.75959
2977428858.9098554
2952944585.02898
2932791962.9113655
2918464804.15244
2931832242.62307
2956513856.5938163
2896303925.7854366
2939066453.5795746
2889144714.4839196
2841454670.598056
2842592195.513197
2835420592.7523084
2834756323.721688
2838699335.8882346
2862500059.391493
2876603746.4923778
2867630581.390283
2849160741.2773824
2921722395.0801754
2844029290.592534
2858248055.031766
2852514099.033321
2913622847.4162407
2906507458.7436285
2853312660.350625
2849001959.4191713
2890599239.4742646
2872945634.5936975
2838723264.5032167
2912919225.9622235
2866479892.6338983
2889605694.70843
2869419911.46925
2843040232.7897243
2874139752.985427
2840581373.6720133
2835549478.8939404
2790304300.5151753
2811880282.8499427
2814540215.032447
2837725814.008152
2819734111.0221663
2880412687.412759
2833995064.117069
2861027275.2386904
2868839877.925883
2884519402.9132733
2864736926.4240117
2865290940.920473
2890626172.1807127
2898637354.9243674
2862667841.798699
2837855556.93192
2840640972.4975433
2888006660.06409
2853420897.6921015
2850223605.65156
2846646920.0456977
2947979591.742132
2938933065.204046
2909731611.517875
2854151159.10653
2833406843.724419
2866118449.94579
2899571707.452921
2900535003.932266
2900697562.6622186
2822633783.3036866
2862049415.056162
2856122410.4872184
2882632995.2734847
2831719416.769757
2890535917.2721014
2903205159.1025257
2880631950.1710215
2891987057.413612
2840027224.528489
2815602468.426429
2883091908.879951
2881400448.621243
2873173113.2410755
2891926652.2738624
2879593314.1283355
2882554280.145722
2900070356.065305
2906371075.0467205
2934170101.7115045
2863369501.9806404
2853761506.24911
2895901328.1949015
2854465969.705191
2905193213.7461643
2888883272.856636
2837441343.1331353
2889355091.976665
2868235194.568091
2833753983.0551
2868341675.5855694
2834871593.689746
2840682679.852346
2849316544.819929
2839299382.602712
2835751710.498923
2846351244.496853
2856371343.8119707
2815430033.591378
2881828486.012332
2862916125.0188937
2844231226.6206036
2875549323.9315634
2871679479.78661
2844490482.758725
2853024039.669059
2829102149.9020624
2866361798.6798263
2869542410.145273
2864977206.4252305
2848694096.0919704
2867106695.7665486
2842924155.7844057
2886603966.0729375
2901138782.299521
2823685198.8683233
2860688455.9970684
2872671734.68798
2880454433.1649575
2939501024.6107917
2893096660.658996
2926996122.772801
2903659243.874472
2856059192.044952
2896439600.753171
2907967883.8203487
2878910505.5976944
2901099205.762436
2896127329.5654664
2952833807.029758
2905070427.3739924
2871030272.361377
2898341328.6581917
2877859374.181611
2889401279.965384
2887215122.886309
2863670151.3443904
2856395665.175048
2893707961.9460697
2897253951.416122
2867964258.1115117
2842465527.2600427
2892035724.6262183
2825143852.2839036
2841354531.1298923
2894570754.55427
2865449448.3066673
2880992467.9456496
2877881519.8417645
2854918008.998625
2889463349.965005
2921489963.323198
2925110186.1819673
2904346936.764156
2963826222.1309986
2933334011.7409
2881728101.7883377
2918114128.832145
2934967235.1824927
2949727713.8466797
2937932849.362975
2917114641.928132
2940683785.329875
2932128300.2893243
2929572304.996803
2885062324.7167807
2914780681.7818027
2851621330.730538
2906228322.2353625
2903247646.2792096
2918829833.667305
3001354199.107313
2971441222.1028733
2939350817.0472493
2937106598.2201166
2950279328.4447293
2926452939.9448814
2888154386.0127196
2915465389.6630163
2905303198.473465
2882470351.7859898
2868645406.1962194
2909883771.7232695
2888006455.3207746
2887249063.086032
2882422172.922686
2894019365.155988
2878050291.1348915
2859684218.490387
2898979596.42636
2955955301.0037484
2860639588.9786005
2850983195.328418
2847262684.9609175
2855320229.339818
2904185089.310366
2909819127.655283
2862405503.2053866
2868218879.17491
2845949031.318694
2811529698.9176807
2852248270.6438828
2851610468.7258377
2821001936.790581
2875377357.6545253
2874204328.1541767
2852184407.5462236
2874568960.9149294
2888605355.87502
2905308607.764356
2910854836.0455065
2904998170.230889
2879270261.9457293
2877849772.3113976
2864757098.218249
2851250457.788446
2888431778.1514006
2861270551.321085
2838739662.7522726
2852319557.745719
2843938310.576777
2825860915.9438233
2820106049.3948555
2794036264.6579237
2837038710.155406
2819128073.998732
2797458964.175733
2823428950.3194165
2757386849.5525465
2753693192.685806
2760929302.7230535
2751330567.6894593
2737216380.7468834
2732886594.5495324
2749075968.492562
2776642764.2919636
2788677660.7182474
2781154434.108566
2785756261.6835256
2748285133.2563324
2710808044.6191216
2715626673.81425
2729700588.7962933
2753350786.784729
2758285341.187824
2762342959.425835
2738018116.8916802
2732639605.914256
2810496654.174229
2795324471.8057766
2764018462.3417687
2761264063.820274
2763892871.5446563
2772783602.216995
2778214209.99799
2805371570.2568326
2842599137.465751
2826819746.298184
2836990085.073801
2824689859.3296065
2810204295.946429
2819630949.845873
2815295831.700285
2827874008.443375
2827380707.2288976
2825861793.7554975
2843738234.1639285
2865590115.6378417
2857885168.1958547
2837789785.1122775
2833047808.3768806
2787901210.328022
2809619062.3870935
2819187398.8950796
2831207876.726044
2816132926.9814816
2829651159.1412263
2825157649.553289
2837282461.064266
2814965146.5863166
2814021339.159213
2798042892.9379315
2798301837.458511
2822014271.6924105
2803601886.2403
2834223302.7049565
2801342580.751982
2797374490.8879805
2818024627.4371305
2799309888.160676
2809837912.336339
2817011748.3659916
2807511269.958126
2819784752.0623965
2812825744.400511
2822500390.372257
2828209026.4623837
2806375793.138361
2811439201.325118
2802704818.807842
2797032069.277525
2783780254.767375
2804279739.9983296
2787467479.154784
2813239970.5787163
2794970624.1045156
2804499922.702755
2818959745.738673
2843862531.0940237
2820260731.406842
2819363782.6675177
2795678178.981956
2844244244.7397094
2824600995.07938
2806356470.233213
2807521465.2123632
2794079488.1546173
2812941908.597357
2772505805.4107947
2778642493.0783677
2780206463.0709033
2760104015.1940823
2779571929.5458307
2779640064.6506457
2770192287.0090547
2760855281.5920386
2759837529.9902887
2770237828.776309
2750916610.8174696
2774451150.104036
2742325699.8536963
2753784136.910986
2767130883.9937377
2754403120.7875996
2747833542.4834285
2755845275.057227
2749920514.9888124
2770735814.016517
2750976876.0548186
2770129747.8636265
2730399286.088746
2715981106.105903
2727893576.686479
2716523728.2007003
2720947828.709284
2740797357.9460387
2729542793.7409086
2696288237.664308
2734664065.604768
2706227326.933458
2710260314.8074126
2726118563.796935
2740043967.2044253
2727762683.5652776
2738754537.3026986
2723605601.62323
2743968735.579625
2734117433.3276834
2721427982.1409583
2710808607.8439612
2741944121.612254
2721326472.2277594
2717809102.752146
2713069228.569851
2729994733.2686596
2727413863.6213317
2720526241.77465
2723512619.5600734
2714918933.0338755
2729771019.4429693
2705522939.357339
2736340710.691879
2750245459.2750006
2726524912.9699855
2745177283.1611304
2741029104.256393
2751810905.7495933
2757537900.725762
2762884355.7248006
2746821028.0631704
2744529736.699462
2736315492.3827333
2747796771.942668
2755002782.464915
2754089669.361477
2742709586.7319293
2752862796.7583747
2742026722.278434
2750909918.797707
2754438332.782817
2769108148.6222234
2774258990.7405267
2776755183.4756684
2787715985.2962947
2766238344.858533
2754186377.9356446
2779378424.6869555
2766450748.4185586
2769071593.058727
2768186810.6829987
2758509517.319591
2763587001.2236977
2778566845.5359
2801734180.651927
2805924398.5516014
2812679213.048437
2814343250.532837
2812388680.2813563
2800559774.0798016
2810904956.2983007
2787490547.2045255
2781433513.0238743
2771490617.7088423
2788173740.7779584
2783130599.408353
2816434200.21462
2847213570.710081
2851734811.106371
2850721842.0931277
2860842701.9016075
2868628817.4700193
2869049664.7105412
2869734025.2613845
2876008612.0626297
2871767061.1244683
2901241619.951446
2928732547.602955
2980627038.5302815
2986995232.6983213
2978741259.7829204
2966557023.324098
2984803122.05227
2969824319.7250223
2978393163.8008485
2981039056.8294015
2978476745.0871277
2943107645.601462
2949215170.536806
2943690264.028342
2890834022.5864196
2888091785.998482
2896240568.396011
2894585052.1320133
2884388348.957033
2870381904.712119
2873486346.7246084
2878202233.8973184
2908699952.97951
2889462521.5200257
2884906815.4830184
2880223808.3398457
2901406046.884492
2873388542.1493692
2892148999.006793
2894724195.861044
2910922282.836244
2890830124.224789
2911578351.9889092
2907129710.64808
2906673873.257994
2907874670.689193
2869300613.6537447
2896685326.857557
2885262779.0186434
2894913618.0163736
2922418156.2802114
2904541496.8386793
2919242832.33072
2944921573.8281603
2905268647.456318
2921653044.5844665
2919499808.0957394
2906858098.68945
2905135218.415773
2926399801.1925564
2915918660.0285034
2907984871.389394
2895529129.4009833
2923424111.293796
2911931605.695961
2908883521.994494
2897432425.0580235
2911474943.673063
2920693660.331517
2899060394.8184037
2907702178.8248496
2910724475.4272923
2910776940.1880856
2905510718.6262884
2882669372.4266586
2906578382.199528
2870551234.9999967
2868429635.7551184
2863221630.0245566
2855561143.937667
2850890151.0702634
2845994180.9667926
2833137388.3219895
2856058984.8213496
2861715772.8136325
2864609682.5125046
2885217275.222515
2871795684.3812413
2839386972.7555976
2859488417.3015294
2860146281.2705173
2839588633.6116934
2800107177.7019787
2815087337.7230606
2818488091.017624
2819511955.3353066
2818670830.8142996
2821414494.960711
2819828928.9918604
2816838471.079168
2837423326.949011
2838872319.164228
2815307524.5748506
2826137308.4024262
2844170981.943711
2831651582.884671
2843841182.496742
2825591739.0421233
2848894652.7600555
2836704144.606362
2818012785.165205
2812514933.105732
2807889235.910033
2801646529.337982
2795901102.0699644
2802915677.323579
2802739411.1798463
2853199716.561304
2862294367.1601334
2844692358.115082
2851715484.9133167
2866318131.029549
2853183771.8213706
2864360503.547727
2851413219.006788
2857610050.744868
2827780120.1828694
2870904294.2524357
2838248820.5395737
2853773368.236543
2852181521.7362876
2865719771.734235
2856392321.671137
2833890548.1375666
2842327242.6518416
2846869779.1772747
2860282426.970564
2858335109.118814
2854937666.9981575
2849840910.699579
2858881027.6262617
2855287501.0724382
2853708220.937269
2846987894.6518426
2846347814.2624135
2843759635.641209
2857672226.306121
2881346594.528303
2877952002.8073297
2844833227.7487435
2864453945.0392327
2865437176.3606424
2857785960.752494
2862750451.6634955
2882933259.3976545
2871227637.909515
2890715501.9723787
2882583620.8941436
2878305931.410687
2883545682.3376474
2858097596.6340623
2875225798.2674446
2872675076.5023656
2867701717.468504
2868944083.4711175
2888955240.0445924
2846014457.117295
2839969824.18952
2847992713.947117
2848655128.7769485
2849596833.1531
2834092008.705294
2852480452.9707613
2845973122.1939425
2851953948.8688703
2847669099.4707093
2831778152.2430625
2847532610.6270638
2891691713.501023
2899283183.994337
2867923772.8940144
2889012672.2644315
2885788064.6250067
2886036697.078146
2950392118.076811
2914948623.4428997
2948550189.455543
2946157319.877225
2945196564.0500526
2929711597.236032
2922248315.9293776
2930388695.0094776
2921292847.7975307
2926775648.760145
2924469288.0674977
2926069102.604542
2912956390.9686236
2915781547.735976
2920125428.5348964
2926320114.459582
2931288687.3070893
2929613532.759595
2935462751.396321
2910841954.9059615
2918029740.0297437
2922033809.938272
2909767935.6748095
2920938203.1782765
2916492392.116734
2909802294.7793436
2903896832.1555705
2884287445.9400744
2887287248.095864
2877624222.909348
2901166951.8248887
2896726986.621532
2887225321.575525
2907823242.170308
2884829970.334416
2884191100.07584
2875561371.170683
2871409074.7843523
2877042161.004412
2875152175.6600547
2860025155.80439
2871979699.1681705
2853250541.271313
2850838218.5855317
2851826126.769373
2858529155.2640166
2859149894.9402843
2878896006.887528
2872520543.8062677
2863689300.8133082
2852282538.584378
2857963612.570323
2883302301.592686
2898332699.842971
2881526610.3575225
2904714435.0743203
2893830669.6289315
2895121561.035902
2893303974.5762434
2918955118.759189
2911507969.2080536
2904342628.3694873
2922722663.7097044
2918463153.3607173
2919340600.5118494
2920471077.713516
2921623059.923374
2919001307.6884484
2936799661.3087697
2937067705.6227655
2930840289.2621503
2923051485.501775
2951435883.044205
2927548027.4107866
2930501795.135368
2932116482.411066
2978245146.1805525
2983758533.9933753
2974111980.8518677
2969441989.98515
2964368575.447987
2957083210.0449343
2938461970.2235126
2965171458.890849
2943610892.53422
2961150196.958417
2950848743.9545674
2939516676.167998
2931908456.285709
2930022384.793721
2947272077.3817744
2936326539.084632
2934496155.641651
2940173965.34772
2956943044.326013
2946186311.6446013
2886011339.6773167
2891360705.804971
2911191598.8485765
2893889520.1300645
2917052719.489509
2907580341.2528906
2909888856.6225686
2884596603.8826985
2897889483.041205
2889365036.0602446
2873210011.050356
2870196065.6384115
2868455641.4519324
2875947606.8593955
2832736144.0915017
2851380659.7128024
2857756091.077663
2839742269.470488
2863816345.433227
2865986816.1145234
2854304413.9762263
2846132288.767708
2845474047.6638684
2863869598.8638334
2860292217.1414447
2887095612.6977077
2878839192.4729285
2880442890.5648303
2891576789.122149
2890555955.858048
2879923351.752171
2887399514.5775194
2888812352.948337
2902715270.324573
2901808026.1565266
2893796479.750765
2888770509.895688
2877692358.063409
2870174547.739274
2870278045.2663717
2850642652.615991
2850435936.126333
2837114699.8728633
2868373943.4185047
2841858987.043407
2864956891.725311
2853393373.756859
2839106533.4699535
2862445389.9522038
2848018924.0606966
2829691412.8497925
2822806971.0121303
2814265054.2541113
2830427292.7785616
2825172288.174612
2841443288.0988584
2837015187.6572185
2842636835.989704
2842588776.799911
2836136146.4753766
2855947728.9762983
2846004680.4599624
2840130089.414848
2855757016.2721496
2842150989.461891
2843582383.726725
2865365978.0510325
2856173714.1004148
2835904256.6424227
2820912704.1808395
2837428580.074763
2815887888.328077
2825269040.3686166
2871395810.175351
2857369357.352949
2844598759.919053
2862456601.7881894
2809361418.717199
2806158958.854838
2823673779.1152415
2833605118.1105123
2824457966.826782
2831317694.7656183
2842232842.001896
2834801714.6972513
2818001788.6633224
2806002480.068628
2837645185.9257784
2851534805.2686806
2836293221.7301817
2833986651.9676523
2822076488.1167645
2842250516.7098885
2828157506.544026
2822337166.208671
2831594213.8116593
2816312213.9009433
2821043067.1775265
2830230392.088342
2830669355.0116105
2853100571.349127
2825928961.6946588
2854181488.9506907
2844168912.818333
2866651783.672976
2877521930.024856
2845334966.9272037
2838394779.4465775
2866751031.4396424
2875526529.7307506
2850439734.6428103
2875527530.7652164
2871128079.7120104
2852142874.9101615
2852578070.3910685
2855553469.209676
2843773521.420626
2856069647.584818
2844574392.86723
2832041466.0770035
2808668784.5446744
2833265264.6381416
2839974961.763997
2846985016.8305416
2821617063.21428
2842167591.848687
2812098363.911631
2832380337.853454
2825692971.6274276
2817820321.4710507
2844723067.282593
2822625123.427658
2830303438.023017
2814288920.376033
2841490052.235126
2865056177.2682233
2869350498.6647406
2857758363.5324707
2867283397.109355
2872970324.2035418
2860174325.3972144
2863693632.829646
2848887461.8250494
2872957667.3574104
2849649799.742967
2862444754.6872907
2864040162.247686
2847928335.7343636
2863589614.0367246
2852482028.8433013
2868594209.929101
2859659634.0947976
2832356437.98493
2811425899.1686506
2815529771.3140144
2826056916.679325
2793673961.308861
2788314357.7765865
2791210936.657184
2787855445.6817784
2805821536.0004582
2807151259.416551
2797155469.539297
2798630926.2705884
2806042789.752354
2791042955.0894885
2799294571.5142155
2785515089.454529
2801064189.350077
2805915983.1727266
2805950453.9460373
2800612790.026416
2781225308.722385
2807950662.01102
2818603883.6238074
2812583345.6309767
2795763620.7896695
2797909930.803191
2808137631.188522
2795106174.7793913
2810878705.914677
2788969476.482745
2777120820.475629
2800286775.9430885
2808060464.7400107
2808799489.6641884
2859986023.7860036
2826996764.109383
2817539200.9338202
2824643074.7527614
2815834489.4424977
2804251861.013946
2809718574.3321877
2808970859.102382
2810191266.949602
2798456395.088862
2807962726.742117
2813105995.840042
2799445864.4451504
2789746079.0685587
2788572622.8626075
2789081156.650883
2794040715.2395024
2798733851.0877748
2797439001.747782
2780212709.874197
2783669015.5570693
2792565057.0791163
2823317219.623844
2808616644.3402505
2836267693.2626595
2823741008.0682693
2827206598.8458257
2825070429.6839147
2856578959.529032
2820287324.2569227
2833584561.0554876
2849378427.467251
2853524488.705511
2842682446.9854817
2833388764.028392
2828447026.978035
2839472444.4712224
2859602794.859502
2861638638.1383877
2846656853.8118687
2809493236.191539
2826899323.6225104
2813604139.3149214
2819005482.8255186
2829063570.3957686
2833286678.795451
2835964270.182655
2827406787.117819
2810243121.432051
2816422099.062362
2819202430.507776
2809664917.0390687
2828137740.0064235
2800664062.685056
2826538664.0923667
2825620336.5244994
2823154410.9098325
2830354310.3506684
2830976873.369159
2832828224.1021686
2835098261.9486
2847898744.468618
2819843008.355046
2836367218.977348
2852836203.168623
2839831999.380218
2826800109.4242973
2833633255.360172
2840195648.3519497
2843494080.101468
2830906513.8446226
2846240158.830219
2833903334.7188454
2834028541.9710298
2834926423.237906
2837608177.9591255
2819222656.4871893
2823400843.5914865
2814690396.7978206
2807511314.5749235
2812285675.8153687
2823753986.5554667
2820312370.510545
2825394456.140217
2804181994.3971386
2800927091.953196
2816150529.0017595
2757670413.8722773
2763386581.3338866
2795354074.5505342
2764803664.06336
2777928583.4617147
2777941607.1331663
2765925844.556537
2783871451.9950867
2757720443.301886
2748322865.3853073
2757042472.202201
2753614539.270368
2757335239.4484406
2769876434.7633715
2750500915.6240783
2752319217.2678742
2756253229.820958
2725272572.7696433
2724166436.1329813
2743522391.648869
2737354044.449257
2751622794.8805976
2725598698.918474
2747037659.5405626
2738371529.028072
2742559240.7719574
2722239583.883818
2741219188.3618536
2756521155.186239
2742674887.8682275
2740634253.3803024
2755684100.5422163
2751629205.8341494
2743013898.560856
2757576100.7411246
2736520569.77986
2747024881.5044
2753486518.0093694
2732847112.447541
2751857687.4711785
2754650925.0836053
2731648126.1103716
2757692609.9443917
2748433684.0693383
2738961478.5407815
2757446594.0269856
2781883230.6701784
2768992156.711017
2782156074.576932
2791957850.775597
2798196619.177589
2778772064.426309
2753757751.503446
2760861977.0049763
2761298994.8009973
2765701774.8042717
2758001519.696297
2790605006.0798984
2778918769.029917
2779642407.579733
2780028132.3058605
2776770206.8079977
2775292344.8599114
2759535243.895133
2738343702.55806
2735817807.623399
2732448111.3337655
2742179606.7635636
2727777503.7113476
2741555857.250544
2741386096.6166344
2742056413.229455
2755552288.5273037
2740456435.916287
2737516801.349238
2802796564.6548047
2791161789.67505
2779621514.184141
2801457684.9635906
2785376328.906195
2805012462.480575
2789606397.424656
2798458994.4879866
2772258342.496813
2789881109.230168
2790315339.4962025
2764616046.982833
2803282976.5759444
2780271672.1280637
2794075340.9235864
2797570525.6368318
2784794868.9269133
2791986221.9354787
2807574527.0378838
2801673020.54778
2797644320.6239614
2789192700.589445
2804356320.3181105
2777490039.4808397
2776869405.9800725
2793719278.4984994
2796333392.5429435
2792806149.492518
2813270118.991426
2813073393.920623
2802783537.669354
2799777725.971375
2793223724.5872445
2815787253.5420446
2816985265.7726393
2815884662.783345
2826009299.3533387
2784289261.85519
2792972267.612217
2775580680.2666416
2781231936.867757
2779835329.5707517
2756225159.8525543
2775761612.6812983
2776729041.186718
2775292609.0994515
2783466773.6248064
2793081654.262763
2778049419.9572034
2761169614.332639
2813883576.9384346
2773008326.558331
2790361295.2134485
2773295881.6746955
2783157168.1621356
2778158259.089344
2778214500.9597735
2773208985.231605
2801939885.4937882
2805247735.1228914
2798168801.2739367
2794617861.4774494
2787317026.649292
2783578647.2445793
2814833030.8754463
2786222689.6211724
2772708123.76904
2791225974.609059
2779623747.3938766
2789611537.5363755
2793152792.3721995
2794040534.9051886
2783774644.467119
2787470916.5712996
2780960368.774268
2805173822.1153507
2792379661.3727126
2771910872.4693766
2781947336.991171
2766776264.661959
2782688715.1876426
2767491970.4975734
2761552860.1361403
2754101782.4332256
2807107615.664947
2799457794.1526933
2782840815.617535
2781709969.7128453
2787438904.582407
2779717933.6610403
2757290783.048118
2777659899.6872473
2807352601.3408947
2809085311.458508
2792454364.3793087
2792460544.0833673
2814211630.8361936
2811548814.3527875
2809248336.215157
2808498855.705955
2821117854.2249975
2812802864.980653
2819398619.9828777
2786777051.928267
2812276045.582641
2821922006.654779
2796333460.780578
2831464339.658764
2812490526.645445
2812195282.583361
2835141626.631214
2821237695.7581754
2845301405.326859
2829381019.0571136
2840665683.633012
2841250298.032836
2841665133.080975
2819389110.0064783
2800349287.594235
2821467387.042116
2825862278.6844482
2808907845.8471446
2809721447.07149
2802052717.237158
2828386311.8001313
2859524513.1670914
2852541913.7831283
2844425223.9726067
2850690717.4463987
2851303557.7896757
2839284354.2556114
2852632494.124945
2844657889.2821765
2856244753.6930985
2863485679.2064614
2852281805.524078
2856337616.9574804
2854416007.28778
2869207599.7475357
2853361574.1671844
2875191813.2793403
2846969872.155141
2854050850.2238765
2841261237.228343
2828633311.7007623
2851128388.612121
2840002426.5493813
2842844714.8102436
2842141097.344317
2830382779.3634424
2846942394.4303203
2830197387.3332787
2842338862.141182
2834146942.210115
2868736901.102043
2864393069.7180867
2871862932.998758
2859042518.042838
2860328032.4546204
2881210794.4671736
2890684806.0591383
2880277194.4216394
2878393088.7301884
2875286189.3019266
2861502207.7691956
2899864745.2322435
2867175964.689344
2874093501.163814
2867051794.024815
2857255220.8233304
2865051890.3216653
2839688812.4380593
2849250062.6026783
2874200033.1378183
2861660467.233586
2871864645.4825287
2866151449.1901927
2862175077.437722
2858605814.13755
2850170380.4218073
2853429379.2119536
2850809205.8557878
2837246528.8355484
2905553269.3524256
2892455385.1373687
2923119494.966917
2925707658.6502805
2883871918.902573
2864011494.5329056
2868009782.1201706
2857081282.790405
2858089041.2266626
2861589392.4524465
2849823012.072896
2868360807.534741
2883192711.4241734
2865399073.455382
2849416505.9953656
2847950981.603335
2853437379.8694935
2843854032.2184744
2835577304.523934
2855853776.397797
2833162318.4382415
2855158671.3571253
2857059264.7264824
2862476878.543257
2865685263.759365
2874993188.667926
2872687535.7633595
2887768037.103018
2871504211.2638917
2874689959.0096025
2875973967.052097
2872189485.4450383
2863817910.305718
2897501427.653743
2884691631.688074
2870677762.728954
2881218411.9014673
2884789892.2886577
2884625130.072435
2872875993.4608974
2885855486.234381
2872111785.96523
2858442079.0377235
2841211981.9245105
2826555333.055159
2844439590.264843
2849457377.356161
2832879032.182575
2813622399.301426
2822689298.9985437
2839963559.48179
2860110251.1406813
2870668914.488953
2853857032.649413
2869606110.4006424
2872561170.55798
2871361447.5780487
2872790180.0513053
2860545973.4856625
2840070407.314429
2846018760.246709
2850951004.1379557
2861582345.361617
2860169029.1086206
2878881404.144163
2875167780.8383393
2879270070.5282717
2861246481.55097
2872454447.9874825
2895651622.6192203
2883961971.477828
2881586517.6152444
2884104143.367518
2889721790.254783
2876469763.8737183
2882145270.52567
2876726488.387349
2861044009.599304
2881142164.6343145
2857079629.2797394
2882024089.621143
2866394998.311324
2875507266.0514035
2880255957.0284877
2887311060.2721043
2885531427.982126
2897312213.519738
2897000304.248233
2885761963.0290437
2885435913.6917915
2883931092.0345907
2876661567.2309933
2888424611.4375973
2883296904.3141494
2866640880.9158115
2850437151.55787
2871144461.0841665
2856856961.9121213
2863410818.963053
2841923709.034194
2849887427.744419
2842298959.0583506
2849690384.313265
2833098844.2693524
2855966839.6336026
2855784578.6604314
2851174077.4431477
2852802604.9854493
2836137786.811287
2838991217.4925084
2845196853.175507
2858143186.8082576
2850860886.1726975
2840210667.3182926
2853103204.752682
2852461896.809265
2852585926.486287
2833025634.618872
2844717588.8708615
2838188479.761357
2833398455.7491035
2850833372.0386295
2855040882.088675
2849692425.319187
2848372731.9673553
2839163454.7874904
2857298769.1459746
2847526799.4021144
2836123843.5781918
2855113959.938944
2856021161.0568094
2838238289.697339
2835097686.568317
2826452779.804787
2840477965.4765224
2823604855.4287405
2839426203.320139
2817671535.6822395
2829741399.2908897
2839048536.5360126
2861891801.99866
2826206153.145923
2828747115.0741606
2870998794.751307
2846793901.3208933
2864099803.705307
2843067840.3163323
2854275598.0618877
2842892282.2835374
2843180256.5769057
2841616693.7085795
2854996197.2531066
2834829269.8007307
2839407048.030806
2840098202.9429274
2840451894.7396364
2856743648.7115064
2842936530.551563
2834654526.513454
2825917866.5541773
2833885105.7561655
2846109703.908137
2847863532.849478
2865086212.624425
2862015989.2501726
2870926104.419561
2883674672.1142488
2868312658.82975
2892939824.133746
2866291748.106694
2863385131.9578843
2885410924.4702935
2893009358.3033676
2886945410.584519
2893380665.366028
2889937653.723013
2876652496.1880064
2870674858.245785
2862901251.4265184
2886078146.916391
2868865742.268831
2867918220.266201
2870036750.929874
2892432062.5386615
2890051514.3829207
2869725423.9323797
2869144236.0363164
2880205926.3811955
2869542158.1745133
2881398814.610355
2863937766.8530107
2869265044.34367
2862176651.5479765
2877321733.2357903
2894557046.262783
2862240433.32827
2872079842.473704
2888163387.2787943
2865897849.6645017
2874260155.392981
2890297192.1526227
2889601206.351874
2855904055.348796
2868636063.397233
2871773226.3506613
2857873343.3480625
2874055773.0683703
2881573643.137759
2880150646.2659717
2886263709.2118063
2882228578.927671
2878354921.072571
2880498262.7482986
2885277396.548757
2882203124.6727858
2893670573.705462
2894766400.9987993
2875789851.697027
2873039270.3414316
2875323703.8640656
2875121679.815738
2890250080.405568
2881936521.3118815
2881240062.4778323
2910194516.948228
2897166891.2831006
2879838612.624807
2885545395.3527107
2891681965.3526425
2892458671.988936
2886175539.9781647
2907895890.073872
2902772497.4856057
2860219258.7373834
2878005654.1693296
2895521047.7474756
2886736527.6738896
2888271885.450543
2897804441.399066
2882349233.762873
2886386530.46011
2886723629.206396
2886899178.2785263
2885549032.2797446
2887212522.1718006
2881382237.1800666
2865815679.7348905
2879739867.864577
2870772396.5813904
2886087769.0195937
2886988213.071671
2882142951.9527564
2887137388.46143
2883885795.334925
2882978898.531108
2886723027.99716
2875278560.7210827
2863655192.8986683
2885726951.0581794
2863788787.9349484
2873699142.32785
2868949209.273145
2887638729.4005885
2883665900.495703
2879551297.5314155
2881289906.2211323
2883520730.2438226
2870814195.7746124
2875535119.312501
2891698910.054403
2891525741.6396756
2900418850.359199
2884305213.041273
2860969291.9674983
2885211051.7300673
2886589258.259405
2872342700.2471676
2905918636.3362236
2907478510.6925473
2910149169.6893706
2904010481.2301583
2922532437.505602
2925758022.2998357
2915188442.7092576
2916493961.178549
2874863119.1036515
2915013238.7161565
2902429131.4038115
2905821089.9338865
2875235832.330275
2843870435.2368984
2843103514.724755
2841211286.8642874
2828908673.7011027
2837572576.6982727
2823125024.580141
2816920849.1986585
2823569128.312293
2823080477.6398797
2813777244.836935
2855757814.2258472
2843274151.431758
2861308420.7472486
2846619216.4880753
2845323479.028906
2860482423.7970333
2882453732.5548434
2883027480.827749
2886306551.0981417
2866574396.100721
2870694543.274345
2876886698.3417144
2869459688.129701
2866614439.735435
2878158610.5561213
2862364647.3871727
2875579551.760267
2872869019.027028
2903822246.2454996
2909149856.9193506
2887848939.567663
2884516436.385371
2889214421.292829
2893326108.0353374
2880541415.5523944
2877220628.3211603
2853663152.1055675
2872633875.8101954
2887709858.869694
2886876907.9637604
2870837402.5083017
2877501554.367125
2852832552.5440736
2856851776.441638
2850015196.589901
2850040857.7242775
2857789991.732437
2862894432.0461173
2854437516.6346655
2856835648.1910405
2867885797.457064
2829890782.133977
2841318133.8337016
2830047693.641676
2826543496.49576
2814336313.355824
2811083537.708908
2823887753.290503
2842462015.4114575
2827722951.9834943
2865001953.751966
2842641041.885037
2839618854.5225277
2839005946.2495284
2846309058.1272683
2837371017.894008
2843493574.931508
2844208503.170536
2856410773.9770026
2842772285.8905754
2830426490.162663
2804012069.2666483
2812423277.51284
2812874533.460458
2805370996.4698915
2798952245.0800405
2794142155.8649435
2793431490.734003
2792293093.2109985
2792295140.8725104
2797708358.8500977
2806093436.9179783
2802466644.706691
2767167617.8979063
2783055228.732274
2798524980.7120976
2784219420.6429753
2782735811.416528
2798179484.5218797
2764317446.474316
2758837641.0312715
2762823587.070866
2750959934.7337136
2757370472.8033395
2749380369.181488
2770263450.364419
2752217536.1214247
2745554584.99382
2760659901.738767
2776790921.1884995
2767856782.4534173
2753590340.750637
2754612526.564483
2756588263.1093674
2735960073.118608
2746370126.0715766
2707487281.8312335
2729903032.084723
2733166185.5593815
2722455643.5619955
2725551908.729904
2725813767.7464204
2736437206.677533
2738748110.6028857
2745397075.793204
2739369649.619033
2730745407.59696
2740627432.035283
2717194906.7390795
2725856230.966162
2725358806.9059176
2728974409.1013374
2739583434.3778744
2734258087.926318
2752293272.792954
2729504557.2546124
2724312505.9380417
2742360148.2580624
2734505568.557498
2738615396.3203835
2724356370.7319474
2724831011.521458
2724396474.4084935
2759370995.268437
2769842203.0664697
2764265279.258986
2790522628.5548553
2774099328.86426
2784338930.92583
2784190966.452069
2787047401.420882
2765665374.6803923
2776828492.8263383
2788679609.993605
2769042293.9648905
2774745856.515777
2791626642.179705
2791376738.009857
2769235250.9228663
2783990841.9970593
2794542591.3672748
2774873884.8030133
2787991397.396708
2772836745.6827593
2768187384.418408
2784074817.8849497
2781859418.948594
2797686692.6250696
2800168525.6127424
2794157323.016553
2782743284.741315
2754635224.7638917
2767098362.416192
2767789178.700022
2777841924.9832554
2793174411.34647
2789513341.6697435
2792109594.995889
2794302467.47588
2802275894.156043
2777449597.1764827
2798928033.479955
2783319048.78476
2769407292.3256063
2768956362.5115576
2770164483.083675
2754283624.423674
2765485355.5360785
2772960359.091353
2768188448.337646
2769491607.6130466
2769618532.387495
2782674678.812053
2772846837.4222374
2781827462.7695384
2780658184.7502174
2770375730.1297126
2751963865.479333
2750165722.3774757
2759465312.8197994
2757168498.878218
2736222498.271658
2746357665.2180657
2745672853.7688565
2746440001.106139
2765248575.8108063
2745235886.167931
2748263987.064406
2760531269.048608
2756497266.643317
2750251328.8471446
2761694382.7595773
2762259920.8280587
2735441458.5768147
2744444467.458093
2719723066.804289
2738563806.043257
2714296532.4226313
2710354868.593169
2726664170.265676
2689024299.1462617
2667337390.064547
2647505592.6939745
2669296956.607169
2664762530.2396603
2655321102.014689
2670157736.3584676
2644976057.3271065
2685034740.7308016
2659464018.9775743
2648995842.652269
2652511398.2027583
2677901683.9628077
2689959951.8499007
2675947050.869761
2700932057.2030053
2711641236.893101
2707867872.113669
2710958485.795141
2716311198.879292
2726090808.133226
2756290504.595584
2726343609.5847154
2725529510.356442
2740061863.1077437
2752546427.6670065
2721165875.2968016
2726240641.1763973
2773650704.4821906
2752710634.296458
2759164603.371402
2764830891.7113576
2751829654.6775646
2757483396.5088015
2778839688.2594557
2767628694.7035046
2790127078.9071474
2757145389.1820006
2754580230.655154
2759326762.876609
2760866681.1493225
2763063828.055005
2768061022.8608117
2768678693.655496
2778176061.82023
2764546610.8339787
2781206513.0862837
2772951650.3876505
2769464698.0178747
2771431751.056779
2778539176.7820883
2772070112.4221377
2773771347.7498817
2783035572.1990743
2780130460.7621465
2791642826.983272
2802504255.481352
2792911295.022932
2785095604.1684303
2799950095.9438767
2778571906.2120523
2795454107.140178
2811122593.19738
2813023989.208327
2820366688.8915734
2812659142.225685
2814668383.8722935
2818864483.836474
2795599538.0158324
2831628076.0158205
2815057488.8218484
2800372862.6833086
2808656923.6221704
2797941782.1577616
2805061205.697784
2804639414.5324283
2789078899.5740433
2787034760.921378
2792447226.340845
2800457211.619762
2830440115.6262197
2817128391.1011963
2817532100.7786527
2831264463.01739
2814106207.902752
2813780763.801348
2797870468.015381
2825398645.39887
2808477889.741116
2833938722.029695
2793191367.5174623
2815422509.876772
2809357594.0967755
2810433900.89442
2807273064.01726
2808877446.6227956
2802872155.6839633
2801735724.443505
2796688091.998335
2822075127.98693
2817149540.8574376
2828170576.8120666
2822270402.8568435
2823421012.212667
2831324888.0065603
2824025105.391457
2824778627.920564
2831938427.2209687
2825207063.2253504
2835921668.9124484
2867947805.5116186
2850773431.1186757
2852838928.5536833
2855683442.8060265
2844823900.740862
2858585507.230648
2858712616.2694554
2850815119.8712807
2847903056.804963
2869749788.2661977
2855681991.6871333
2834556642.94323
2857597962.220667
2923865186.5350885
2940731208.830552
2913672377.771593
2907032923.885582
2908425881.9604535
2918597209.860335
2910504784.6534233
2899949762.4530263
2913103774.0745697
2905863248.4109316
2916918903.9465547
2927924308.369439
2948338325.8594337
2923362829.191263
2964092558.2867627
2942818128.842498
2912565656.1839695
2900136023.7682796
2917732923.6967387
2928445210.415555
2937755974.120834
2921634792.9437103
2891655651.1257186
2891449217.22586
2873914974.009912
2845240512.668874
2826708168.3100348
2842519087.4272614
2828372240.4860616
2840985494.635405
2832448433.7270856
2830222223.894089
2888965034.480496
2879612823.8227253
2866988444.1663833
2848344652.014493
2852718310.6383047
2839847703.1355257
2837018506.376041
2852820948.3293996
2859344190.954752
2857401970.455495
2852177462.0679784
2844700081.7581406
2842792446.356914
2838139102.909462
2847881558.9327254
2858201429.285583
2852199735.0152903
2864383702.1560307
2867514158.5809383
2896721024.191409
2881690914.5886064
2888349837.711928
2854828400.697106
2893935063.645986
2913652409.011968
2885064533.9368553
2884301427.3006225
2868011310.1896377
2832437649.77781
2836987784.281514
2860905897.034558
2874855148.199447
2893996561.731405
2885202851.182436
2893333185.622925
2891745976.374958
2893556085.452052
2877674177.3928504
2886759951.1355004
2877990420.892525
2879897372.4223127
2875990839.6806183
2893025224.424224
2884122743.1081476
2886250132.455144
2909694453.5113783
2907256821.451818
2910400607.811651
2898138336.514538
2919258667.7958894
2901461843.1544676
2908013223.0730324
2916943403.3975077
2925529331.675913
2903608849.240551
2905760159.7506614
2910347489.8101096
2878339089.231194
2874403576.1076884
2863806369.661336
2855321035.5250263
2803548639.6450133
2824170972.086585
2825327913.7865376
2804642803.6647964
2825307484.171805
2811413901.61192
2800895544.019966
2826382978.1350923
2817448830.558339
2845638348.38384
2832241359.4836197
2824688418.565391
2826042736.054408
2818178491.669673
2815535669.756667
2835631967.761712
2842694497.599313
2844600722.550862
2826133893.239901
2845234489.9592037
2855778743.767995
2836749450.928885
2838669324.360491
2831837990.396755
2835384475.5310936
2818704044.1915255
2796337608.172086
2813109175.704282
2809242392.929452
2821245321.494461
2826819843.638137
2829950576.967671
2839070754.6633697
2832857269.410229
2813076446.196185
2835337754.7515497
2843535820.053717
2846538252.694704
2829398429.6967835
2845589446.0900064
2814125737.2745256
2816651516.4129486
2816671324.5182314
2819559062.6859045
2801960157.190953
2843848797.9639072
2817801091.538194
2833360737.1157804
2815434109.744405
2839002276.3522425
2872479298.950078
2848901193.2344604
2850183327.114674
2884018553.076407
2873244253.824397
2865998663.9858713
2893856018.5255017
2894647562.909944
2884043196.21383
2892906534.5827885
2902616189.0528226
2861167335.892507
2837998228.056916
2844074428.7705154
2844218926.9176583
2845263303.2855935
2835195260.505055
2853341888.9908814
2838272133.4336004
2845783020.95725
2858404135.54294
2858314773.0822167
2854489248.317218
2843322831.9542317
2856734373.1809545
2854237440.2204733
2867099015.956018
2855405951.7057076
2868591281.3961673
2864482568.833464
2873655710.6651897
2870715548.269633
2871151087.166392
2864446239.5179844
2887102814.41379
2868384078.861579
2878970968.0963774
2870526612.698912
2862780186.248734
2871962852.2910705
2861774300.221972
2869597876.3543134
2860126843.5194654
2861343009.482664
2882705476.829827
2867856099.178067
2865896966.9961333
2872285806.8223267
2890787361.97866
2897359338.05675
2888231635.147385
2899368850.5942745
2887011607.575343
2893022539.3732553
2878978419.059706
2872135433.3433447
2871986739.3638306
2873388110.0941777
2860960098.392688
2835178641.301272
2868049384.7825313
2872868135.913067
2900543606.1313424
2881702444.748249
2902851217.3162446
2874475863.28046
2859928447.5357084
2876673976.8505096
2866819484.4374766
2863101123.6770244
2859444571.327731
2914352113.4389606
2883512577.373688
2885052185.142976
2881146275.9851217
2870361554.65905
2873891356.4414654
2855558522.618398
2863316167.7010164
2877411790.8589673
2859243952.869558
2863133595.703104
2882059374.979995
2867745428.284179
2871799907.309646
2866363911.13897
2871706896.341201
2879845640.419824
2853518551.219102
2863237874.5627856
2860667774.139258
2849106731.479663
2866941975.6120257
2884169831.794073
2878209774.1246853
2881871830.962999
2867125244.706186
2860216466.029644
2877346533.880899
2894680378.6196074
2867422424.2526813
2858023613.4283986
2846351250.008591
2846609177.8829417
2849266364.5226073
2862303283.301386
2849048865.1340218
2836673826.3838944
2850572152.1188445
2808803100.5322447
2796397993.910038
2861298316.655329
2881848697.022549
2850863943.6781335
2859372128.588035
2862742670.864675
2821077613.7958484
2830329059.4717197
2830553716.832205
2865724115.33869
2840641404.5540595
2817224007.682344
2839191044.685841
2873268842.822974
2852853072.180115
2826384190.2482634
2839641134.466388
2833424222.5664325
2837800511.348809
2854660592.451162
2848289417.8732057
2852851047.77003
2843560165.618257
2869256995.472984
2859872648.1119184
2867879973.0991116
2857789958.183342
2883044843.71836
2856616013.793642
2867946937.8103104
2915264894.622698
2925595542.318605
2919662076.3763924
2932254472.29788
2936175585.764245
2949393206.137107
2927360548.404389
2925509372.5791416
2921713505.0994635
2923272747.609414
2921739467.6703415
2914506453.218104
2909658057.1286516
2906659086.5144057
2907401586.2572827
2912741389.897405
2920781317.104613
2898496247.5798955
2921942151.000491
2934682947.1038895
2897815476.860844
2890406240.250528
2896060381.431909
2895919486.5245895
2871371189.852574
2858463995.8724685
2870918612.1411924
2859352614.7797885
2853322301.5331736
2890441450.802886
2880865385.191128
2862192924.569246
2858630829.3243856
2861943336.732149
2887876997.3948445
2854617605.89772
2869141723.943357
2848805683.024837
2874474953.933239
2858992728.664267
2870905681.1353917
2884203855.7515554
2897660419.8473783
2886420328.4151235
2905033381.003264
2919263228.9033775
2889967576.837101
2896310317.141678
2890803017.337206
2909619720.999524
2908048076.6812115
2890352744.596316
2878561515.1427255
2871619401.5096593
2886183786.0810065
2888943403.815332
2873236914.4742293
2884299203.3025765
2889830098.8115697
2902081422.4824653
2892102984.358534
2895632809.6099076
2889144050.60079
2899970381.7798915
2897386570.552681
2832844155.3740206
2835122011.0355988
2862044268.005493
2854367009.277629
2829684235.259481
2842826606.572974
2838116774.603432
2792933188.3454733
2804119931.393992
2787648769.719013
2793311946.3760185
2805534393.211706
2796246601.702034
2795883427.111433
2778384838.0108557
2812346709.5881224
2780941575.2407465
2786855855.7092414
2790396930.5433893
2797957710.420944
2780296868.766498
2789844689.2012367
2758869424.969847
2779668419.004639
2791545270.9541407
2774485429.3075395
2765081826.3683667
2772149350.8089685
2764383418.7760262
2760344914.8894396
2757842083.2532234
2761154298.164884
2769010020.288451
2791685018.7161384
2780951993.791267
2799200160.787701
2794038847.2445545
2781823409.457224
2784233189.977089
2790401740.851086
2792972115.064835
2772934081.5774817
2757067573.7965117
2770386540.2536383
2745212954.4984837
2805794011.8144536
2799647802.650729
2800621155.842747
2793757281.7719126
2791226049.253813
2799748836.8382916
2816258473.287914
2792784668.3583393
2800440708.887157
2819115861.569659
2846758288.33328
2836392676.490007
2828188651.6889544
2830113982.4690785
2817302860.708768
2842577986.832755
2839300962.782348
2838696404.989374
2843114372.960258
2831085117.5369153
2820797784.8112535
2831240761.734949
2824017068.379632
2825712615.3182054
2811521690.756444
2796367740.8668084
2822975359.3730674
2812853539.719108
2816964287.459146
2809653483.523472
2792867776.6796737
2808901877.5097723
2822775967.601722
2830378020.2851157
2850017890.7046037
2840957767.1309595
2833466537.447587
2839590794.322002
2832181666.3378453
2833703070.460703
2835735839.282447
2850875466.7852187
2798121775.898388
2831646919.102218
2823641288.1534495
2836155757.339155
2839088043.528884
2832302600.1983395
2833896690.984539
2828383777.0997906
2810328007.750494
2810699361.23686
2812201610.697244
2800104222.158769
2769925026.250663
2790996976.600071
2789715581.302754
2782494078.9507985
2780858481.052575
2795378904.716306
2784318781.298551
2780120312.1092925
2792576867.8827286
2783364201.0505
2795102761.816039
2785874607.797203
2803846325.299221
2800242549.21678
2786665079.918423
2803666968.4572077
2782105886.238253
2786441990.985982
2833267506.7370505
2804203973.120393
2789293562.9009533
2832062431.4250135
2827025877.906675
2798228323.5202885
2798487647.8418694
2797907211.586788
2809660044.179762
2789072527.4899397
2731385969.1064444
2743873530.2330914
2747747152.9692535
2749442678.972564
2746124875.665403
2743299715.281989
2736316895.4386153
2758943981.51407
2764952592.994347
2754697205.870144
2766266277.9187355
2759069471.596722
2804866100.743878
2782111474.505711
2783912454.1019893
2774828624.838344
2785632368.3641915
2784306793.521433
2782258990.1003118
2777506874.63164
2778678672.9512887
2804450151.0926
2783631822.937205
2796555424.096954
2804178951.2727604
2805625410.6586537
2808700337.55972
2801208756.772972
2779953564.3853407
2798986324.5710163
2811851734.765326
2813071869.434714
2799971490.535711
2780994992.264214
2811099315.3897243
2798556719.5140786
2805538514.8746295
2777525741.976548
2785888058.031895
2773404909.702412
2792140296.025189
2779880191.7684736
2775226753.3937635
2777285729.2424097
2773730668.3255634
2784670396.2932243
2782067548.671528
2777493216.187618
2782093737.1844244
2778771604.9568915
2831455682.590765
2818715592.8135333
2833683202.972909
2822137240.3866296
2827760325.591109
2841191222.3830104
2840285236.4679976
2835519945.4285154
2826506805.8957357
2845640626.325166
2897334632.4143176
2831543879.858421
2840731383.1551113
2831095685.864241
2856219312.952934
2847395496.716161
2853614386.9587984
2829074402.682395
2833230041.8989954
2831569079.860247
2860669592.0752916
2830576911.6977463
2810603732.1571302
2793781119.1398525
2842992690.7315197
2815188718.750123
2824164058.1193366
2813652243.7580276
2794090144.027423
2816466986.4761977
2812310642.566312
2792383405.148837
2847711426.2278166
2811212223.586168
2820709907.0053678
2831509994.492092
2866090323.647248
2842842283.6649394
2825752086.747729
2832590529.797894
2877724878.5435963
2862373101.593637
2855583195.4443927
2869145533.5632997
2862427342.9518976
2872923554.283773
2875614089.8587136
2855458958.50056
2866503427.639448
2867584697.010713
2866426626.8870764
2874359442.903482
2860988040.674481
2846224638.919631
2823872304.393461
2830464742.252812
2797882683.3747787
2810169498.0799723
2807489339.947288
2792745282.731318
2793495301.0877147
2836071843.10727
2806472816.6808543
2796514027.0799556
2792544705.935278
2812376327.4749446
2811658255.626527
2789268014.5197506
2796186351.366896
2794094156.9303284
2796828465.336112
2787842292.715324
2805947491.599358
2807379774.710062
2804936126.893816
2786103607.4934025
2784787578.9217196
2855497853.091479
2801103816.288921
2805451277.2851152
2806160286.429743
2809829836.3044157
2817951567.113982
2831679450.4392686
2824189518.755189
2807980293.042133
2811677037.4427943
2808907736.1008883
2871110836.281031
2845446736.87575
2855533320.9928055
2843350079.9814124
2850453195.2664623
2849171146.713764
2845364042.7271013
2881843167.5157785
2919894620.8434405
2916532878.290394
2913687926.4302754
2936665131.992309
2912517553.505411
2902362605.529154
2896584764.3908863
2914528767.2727942
2917776144.014982
2918301897.445693
2907789109.5519114
2904373736.4720106
2899200384.192349
2921473972.1820474
2923211161.0196347
2918633462.2240744
2932600412.2484436
2910834918.5047994
2912653178.930511
2924522630.590882
2916938520.8246655
2934697879.1112437
2956097491.639882
2956550067.653941
2908449394.544638
2917352011.6920915
2898700708.573792
2897757899.438944
2904298704.519242
2893692809.64441
2912757050.976455
2909744576.9297323
2923966348.8541675
2946138117.1108413
2938291001.086036
2928514859.1471286
2855963660.929347
2864039689.0398226
2877874603.914664
2876093865.6559844
2866454502.2768736
2865851119.6346126
2890098656.111584
2874275041.5240088
2877104632.343469
2898074898.686431
2867465959.611429
2865002048.649269
2844130702.690977
2840451453.1795616
2849524106.8133426
2822597725.4350615
2837710324.7403264
2817707557.1066008
2833772870.952562
2830010875.0279446
2815982527.4639277
2822846025.2414646
2812254546.9561696
2816571404.1636415
2822013064.469153
2818486811.4351892
2837160764.9668417
2825195465.066572
2841423588.420617
2844429046.31352
2837089685.1212363
2840976558.891803
2838185632.30301
2852990145.426843
2848481041.3683505
2849376800.247041
2844402616.8224916
2857011362.035433
2842557220.7069197
2863772196.642257
2853910116.4827485
2847227236.687559
2836112497.7068458
2854091296.272024
2861239933.1199646
2854130084.6585054
2848745458.7681527
2860158059.178228
2871238945.4698706
2876777807.0260367
2854475047.656666
2855961312.754407
2845640655.6732073
2833095701.8199644
2847288633.4743314
2840314245.6135864
2849310774.389642
2848918422.8445563
2860198552.5118527
2832462079.058529
2864784323.754913
2852181433.370519
2854396696.6168623
2849920223.233703
2822221152.903813
2824971584.0831027
2862857872.20552
2851777365.6501174
2842873666.364447
2858190785.575013
2847545787.103705
2845785126.434662
2856419234.188468
2849681558.8933682
2867759191.010314
2860629179.047319
2894178788.851554
2891323214.576498
2900747735.2508616
2898393317.0972447
2893319799.3166647
2882193080.111858
2894453144.384642
2892881122.7105246
2888692573.2785287
2903960619.0481906
2877195775.5663104
2915043133.7766914
2890186890.8412867
2898059829.240541
2891335052.829902
2895506587.1162615
2891805281.028426
2902774677.130971
2868352180.76052
2867417103.808053
2859686587.132596
2877373160.7192698
2845469732.5454636
2882089777.3041534
2890971016.559716
2869171732.746832
2869080835.142045
2889459372.1671367
2873844998.0110807
2902436374.7489944
2916461488.4357834
2910727382.7698154
2908440378.202678
2903167299.1298895
2903944122.7666655
2904607538.1562266
2896859751.7623343
2895193880.4686203
2891879460.0343204
2878537852.2646103
2877612771.32685
2868457930.161491
2860392346.157025
2883373997.425339
2899158274.6470537
2870436061.113557
2898000348.9893084
2870994602.296937
2892056324.885233
2888614501.246101
2912612472.1295805
2922827111.205598
2935501988.3890867
2914858041.4548006
2915111104.8897285
2908785538.9688354
2916349925.4359193
2937689990.3992143
2924204853.716504
2929856928.9310083
2919186604.790109
2928849801.147726
2922465810.484301
2913628913.9231987
2929099478.105138
2914731001.249532
2911320854.9376855
2929239080.945242
2954268670.8294706
2936570799.886712
2966341428.2972255
2964329093.768675
2955503921.318348
2956717471.064887
2953113697.7990828
2980178103.273496
2969655510.405916
2984413988.06808
2986550735.958919
2978090962.572773
2988223461.9797606
3009436237.9030685
2989203319.2977347
2990262864.3187413
2993525430.984826
3013798058.6331263
3012213873.224563
2996546921.212966
2943138472.651773
2965962958.1423755
2968893843.4733863
2968891452.620917
2989772493.845538
2966084476.749884
2952239406.8782506
2952138674.608034
2962972532.935261
2972632448.916924
2968168494.8336735
2970367059.171155
3026005204.302296
3009541963.1203876
3018476246.5979896
3014285599.9654703
2993186543.525922
3005021810.1915293
3014464473.2755995
3004155739.519961
3012874618.055883
3003465266.654575
2988371110.5723467
3006713813.3355594
3027473534.282799
3014063966.242172
2989157620.3428845
2996576056.83212
2997000057.364537
2989219874.479119
3019450565.6094317
3001759999.0434194
3009442477.7045403
3027408745.363014
2998751353.2663417
3024852942.9810133
3016684694.813762
3026416219.548936
3010028842.9359484
2997545918.579665
3023853651.14749
2986983072.045277
2992350899.765602
3002485181.3447776
2983722774.4120865
2992575627.1071944
2987464078.818783
2965395803.5331435
2956268737.0741353
2968009056.2463894
2960985262.475841
2987543290.3031216
2976003754.1424623
2985580148.5345044
2961083526.5524287
2976346025.1606107
2951633780.836185
2946904313.961664
2956512337.328441
2943426130.3433065
2947857912.326676
2966431460.030439
2941664958.684952
2940759165.634505
2937335136.714399
2933272734.049559
2954307987.971806
2962148011.5490837
2997374595.1886077
2966609993.1458693
2959831067.4999156
2975853161.8607526
2973169745.474578
3004426558.7863717
2972231153.413101
2969740905.606328
2960091130.9246373
2943982553.0321684
2925587630.4899035
2961655665.2996697
2968322171.807663
2978005704.196377
2953210369.359767
2933308558.576587
2901452516.366234
2927442053.9970565
2930936726.7372227
2922299239.0180926
2926986404.398112
2927568629.858317
2930144559.3930254
2917392750.308965
2931221437.344715
2946825374.555232
2973284560.0921264
2960253702.5290155
2941207416.990592
2936628113.3490057
2952931971.796573
2951581866.8616767
2955241618.9064064
2942619468.561833
2937440417.871146
2945179822.187713
2934251196.655373
2937524433.486143
2938014188.606943
2926509490.2199454
2975847494.499233
2964763899.7991166
2950971375.168095
2949967618.628831
2948092867.6332746
2951184521.963519
2960109228.472901
2962895493.1315107
2944479887.0304494
2952274110.0704784
2935048103.545711
2931382091.0315447
2928914698.246676
2965598985.630058
2939187162.2368226
2950308719.6755896
2958952775.2886786
2941424440.8557196
2952125689.312545
2952950032.2554812
2963966601.22034
2970257298.1962204
2939937347.7266235
2946922687.9854193
2961036295.8494534
2922128257.2380867
2945554857.7033806
2934738064.899797
2933346645.24003
2922430104.5211945
2885105721.8638086
2879194572.7330346
2870989516.19254
2882308802.840416
2861108579.8736777
2878640386.3187337
2880149167.8394327
2887174422.9199276
2897787905.8471065
2898432203.579027
2930438350.602683
2921603310.8491225
2906800080.582764
2908418398.64981
2929092756.808113
2902395512.1556764
2978952215.9861126
2954299857.7796645
2957777973.7087946
2925073662.375785
2932306927.953282
2949566470.8891096
2986923170.133879
2956506760.1063185
2944344522.8251367
2966818969.1605053
2953853168.5021906
2946621865.0280433
2943669320.6673226
2951268671.0830274
2919059496.445771
2929426916.293421
2908039055.1605034
2923170921.718107
2931392905.763789
2932294455.0126414
2927354113.1316557
2935316205.2673697
2951705626.9116693
2958508812.5272355
2941546587.5041547
2935053725.4784856
2925217417.2246213
2901511821.2059045
2914356997.841686
2896376914.748795
2917926233.803716
2898964551.425758
2910565562.095501
2918888453.0735664
2916381547.721965
2904462883.5130634
2897272967.798103
2880878660.0539784
2881293953.519533
2873812190.500139
2896169779.093173
2900618251.658198
2886204808.7330704
2914476877.703215
2892698531.187171
2908181381.3862386
2917164306.3871236
2914928848.784124
2929131359.407762
2928624164.6794267
2942377814.651134
2930446964.5241685
2960036865.2041335
2920932298.207867
2957558946.078867
2931269881.1581073
2926738215.46299
2960041207.282303
2950137272.1970534
2960889497.5149245
2943494523.94021
2928571061.12156
2926194676.396185
2934484142.9831777
2939962975.670426
2946326149.0898294
2932397582.0165367
2927322914.537603
2941921429.461233
2924891726.17129
2905903230.176299
2908861472.4794216
2903514651.910249
2906668244.404397
2902529106.097696
2932957570.2610383
2923344629.6078453
2934874984.104519
2910140654.8649354
2924024136.3740172
2919381716.2548013
2896850693.5576286
2891401015.700571
2878714882.609806
2872325245.595549
2884456183.03325
2894583390.633294
2892268647.96065
2898587409.783112
2880527297.592493
2876815851.3046193
2892011398.2487392
2893505467.349639
2881893325.995242
2883740242.4761305
2909906400.664756
2913075201.851499
2893189417.7758203
2897121375.538112
2900956170.4447174
2883511911.010297
2849594211.3942366
2855903367.490136
2847030814.482651
2864345655.1440825
2851775039.804218
2837448116.0289497
2842850646.9670634
2833256859.5912604
2832687195.517333
2849429491.8685923
2826610971.872015
2830062101.2050614
2844246540.511092
2831338866.658983
2832676648.5562468
2835661745.432383
2841999189.095208
2826348670.947579
2852815873.079395
2854228017.430946
2843358421.507922
2862132447.025753
2861433283.93304
2905580964.1740165
2880841815.022427
2921784849.087206
2933762949.6354856
2957066679.883952
2955768636.7509584
2929649018.0484495
2924128253.038159
2928458774.696714
2927255219.0386653
2907424684.9066296
2905702939.3502946
2899933180.113891
2902399994.9438386
2920361001.9670334
2935233047.546072
2911589337.0116405
2910325076.0055957
2909501850.0695496
2924484670.053315
2940850649.3206563
2914667647.7342362
2917145976.8596635
2919685168.2183046
2911801342.910787
2865002987.8580327
2882491076.82248
2883062895.243817
2864747501.5610185
2882830242.560494
2869420455.6008677
2872949976.7681656
2885759843.4146676
2898603402.632468
2906283478.484126
2887769867.850986
2892245157.7342086
2890292550.3930187
2896311555.3346353
2898847985.099781
2897631284.0164337
2878308447.5276985
2899729919.7033606
2896014597.9967656
2896525527.9383397
2880037343.146625
2902155061.196868
2889620580.6234283
2910769110.1175957
2914876729.2718997
2923247001.6549845
2915865444.161431
2923756999.1834874
2893203920.2741785
2919076962.79136
2890544281.2486234
2923983493.8021817
2903207634.4957066
2915381086.895475
2897668333.1799226
2898433002.082171
2918353294.485896
2934398001.0238223
2920752102.8196115
2904077414.529551
2917717561.7041235
2953940801.6426663
2932189254.0610723
2936310916.2004905
2953536893.564455
2936217390.4321322
2939116247.9198375
2971036981.092509
2961801954.622788
2945418032.9866285
2935252196.900872
2948387127.4614286
2956080656.348817
2945103483.01808
2919822333.7821465
2892195332.0791545
2896459239.3468986
2903133244.096184
2906439382.6116652
2921742870.7735624
2920744595.8877726
2908828070.9391265
2905546161.512546
2913212288.826701
2957112328.9829288
2970068877.3270626
2951582064.9043655
2967263574.875583
2939311441.8841558
2949104665.591882
2984124438.1120725
2932699768.2450466
2936655592.885053
2922152951.2256765
2906202079.7438316
2909626671.17483
2915587130.971849
2929183555.731607
2931210891.614689
2929161220.482753
2909516522.891721
2906950695.694276
2931000452.8320932
2926729325.928035
2930992557.8144255
2914251361.578253
2914024796.4456387
2946917699.991066
2897468198.003617
2900574563.249988
2892848666.2477713
2877374904.106112
2900479629.7704353
2896584255.130704
2899183001.599321
2896758048.2638044
2881240096.118015
2891292308.30943
2893596068.183011
2910283589.039096
2883516993.2093663
2896111005.823827
2894712219.4657893
2894641973.1370196
2902429676.8344183
2890290012.082091
2900415344.5079474
2943706512.1643863
2935183384.8859005
2930596862.223245
2945250426.2307954
2933125003.447816
2927395776.3376317
2937390383.06197
2935011509.446203
2926583809.6020365
2923695689.3480997
2921720304.9490404
2934794965.9713626
2916820777.185788
2910690864.56294
2913068379.5279803
2885058967.8678713
2899417330.532643
2891717316.2135806
2895587579.8169293
2903998973.1911545
2913462908.952048
2910980211.5673327
2897953161.700188
2910133862.5861354
2925721560.6193585
2946373403.0123963
2939508530.740074
2964269261.2511773
2985355159.483121
2961798350.5075326
2963770629.7187977
2973651108.180437
2969403498.0165553
2960083013.6220164
2994751130.538783
2982382158.1206675
2951431830.075388
2958570797.1546564
2953084230.0394435
2957071200.674768
2978016216.101424
2996889235.7104664
2979065471.682569
2974189386.805638
2941746040.12301
2961796476.1973267
2942291817.880891
2953134170.0925646
2947176576.5063086
2947145375.4434586
2961178343.6426506
2965102654.8579826
2951876842.6067133
2964977926.0109143
2951414939.688724
2980157012.9671507
2962866885.395772
2939871285.034246
2963468021.954265
2956786590.556317
3006004306.7154217
2990232839.4717784
2992580195.053051
2974093852.9390154
2991410346.3651977
2967706219.0770245
2981846104.370806
2961222763.02693
2975239212.817778
2965362305.3871517
2964218989.1611967
2968214144.4236712
2974650046.9705467
2963932284.1831255
2962910182.7804475
2976048711.1256604
2955369951.83284
2970237505.645125
2966861518.644801
2964934311.480944
2954897307.9465394
2957414324.794604
2989458190.4767966
2954579970.4846683
2955489558.916971
2970388984.621193
2977569920.3889246
2980518884.2390466
2950016765.4188724
2954657357.5411396
2966253970.2073965
2988896814.1221776
2985861994.4848723
2976804659.9124265
2979062740.374584
2947587500.699587
2974592353.0457363
2979182010.994698
2957739156.67083
2977098705.43479
2995535795.256488
2987129851.148431
2958202927.535645
2978515911.637011
2976211687.4958515
2972220007.390739
3011497223.0454764
3016681255.3459435
3021130051.6816034
2986926111.9541864
2996410597.1456623
2981224735.3775516
2946174479.2250056
2958221244.8587103
2944991605.4202485
2945719000.4333262
2944112509.2634206
2986507992.2043324
2930760095.8403134
2941745404.0258465
2942614927.011483
2945320339.477769
2919598155.117521
2930879010.14647
2923175545.0839
2924961695.8177247
2901082881.1707187
2928076976.1380324
2936845186.112241
2911783127.149264
2944344399.026963
2910042668.522922
2905869694.1099033
2907272419.1702676
2904942076.483379
2913534762.218067
2919971185.3850965
2905025422.478792
2929600996.5944734
2899226328.9375906
2887950047.8439565
2889476216.1354394
2881061418.626535
2878176327.437755
2885777090.482035
2893867844.821058
2893209357.695225
2915803991.220629
2903348797.298353
2882558318.007747
2899765572.146632
2914487535.3816543
2876861087.060342
2881817156.80253
2900956286.569493
2884436823.10584
2892690376.124877
2885240967.3199573
2897800309.5539737
2891876524.2697554
2902967526.8019195
2895877366.404447
2888252191.567363
2902384258.4032497
2901060316.981609
2895997424.5740447
2893775221.344239
2893653591.4321384
2899852269.11584
2896632823.77492
2906339569.5031023
2899191538.0044274
2909412010.7014
2906627707.3646894
2905941665.417682
2908746703.4835296
2899355392.212696
2881246295.8717575
2877517148.317829
2875830163.6247354
2885956253.1873827
2881259608.7960877
2895550660.587973
2884456372.3327756
2906197495.027326
2874888643.994648
2883631482.4569554
2871622983.0853243
2877451408.9449735
2879811121.9294963
2876164337.9708104
2895800802.677902
2886309513.720224
2892126376.0960927
2887943157.2932706
2898631072.363239
2905231430.231536
2915515796.7364774
2893090644.1996107
2905798597.591214
2898984554.869382
2907016094.578276
2904778736.0641875
2914481599.15635
2913518133.3097577
2908135032.3505297
2891869557.185095
2891386689.322957
2912958813.736986
2919796808.547629
2897861617.2413206
2877438331.8741474
2883023362.39946
2918745254.909992
2900597083.949073
2896860791.459909
2929369459.847246
2916578860.99681
2915768424.761
2881702974.950081
2871301497.8916054
2879226092.327864
2866537339.864202
2896010105.756869
2887608842.187727
2868611345.1880627
2856363148.5763
2871670417.2534533
2869364150.180947
2862678212.360567
2854773329.7081175
2875917813.6411934
2882327245.302551
2874903576.649601
2872660711.22741
2871581683.3941097
2872049079.0251384
2887835464.594562
2886672415.883814
2881729672.1789126
2882992918.326377
2890206146.1423316
2888533460.7685947
2914554265.0665092
2891444783.170355
2898219209.0121436
2906043787.1274843
2904498435.6191635
2901468296.197519
2885878083.0631776
2900196138.8007545
2867143203.4987254
2888764432.3527374
2882635594.4220037
2897919264.5131755
2891220197.4342384
2881544634.34919
2873128394.809925
2880501185.4305573
2872660209.1562524
2865151006.0686946
2865462136.64941
2844861820.6915684
2835109799.755473
2815172362.075525
2806101501.2536883
2797361177.724128
2800658090.6399813
2805446333.2246194
2790254163.626144
2807940116.803925
2798974786.164774
2796642332.3807464
2820595215.418111
2811555849.2295456
2800267907.317611
2802217782.572054
2794726172.893445
2793857290.6812925
2789590033.4937363
2812807959.5130696
2825682244.0207415
2810173154.691781
2814598264.994283
2803919678.8072147
2799428435.658977
2815751595.7165394
2803250504.7748504
2804716756.1747136
2824455888.4140186
2794131105.2905893
2785556266.683135
2809728057.057348
2770962454.8299575
2769112624.161884
2778665373.33031
2763378465.573095
2777708805.35404
2760674683.971633
2771252126.877036
2765852577.71357
2784604209.411911
2765019167.9666386
2798154919.7142386
2788360220.9736223
2780688760.003351
2800388392.547047
2795417014.1516056
2780503606.7319083
2783821836.098523
2801767913.9509
2784754379.8236976
2812427049.2688675
2796802490.3848186
2798296889.2171044
2814882957.510673
2831030853.3237844
2805966224.85033
2829511613.303018
2814712827.613217
2835563865.6746836
2817706666.3912683
2828371190.1214933
2838566979.217582
2837546991.1558385
2867441391.0659356
2842800193.792241
2847518784.9232087
2836971481.226932
2813072844.8296633
2824462652.614393
2798115113.2151613
2828108826.0047417
2826641345.5052433
2832040514.5461054
2832780180.109173
2829386953.514953
2818673251.0546494
2826322484.5830607
2843315564.2752666
2810483245.159904
2821820448.067683
2826024254.85635
2816169321.210645
2822379954.0190873
2865843729.7329097
2873073162.7536697
2869200212.6152663
2870097127.947554
2856559813.0749006
2867086211.160585
2879891219.6921635
2877441679.6823854
2868508365.2958
2870829697.936327
2860766411.337921
2858502563.009863
2860780277.821688
2885242501.9740577
2839113146.2075186
2853870835.502579
2847536314.778535
2883474179.874342
2867144547.326678
2848978862.1363745
2842992668.7585864
2852407129.2368655
2847128192.6066203
2850487787.4425206
2857460665.686909
2851597594.4673543
2850881541.7294807
2857326342.5052786
2870700083.5991445
2837553367.6858783
2879933076.1872025
2875718533.870322
2867934936.672434
2885755500.071496
2907022040.5043855
2884991800.946845
2914809490.670182
2895651000.182332
2896015726.1059256
2893404208.3758845
2897808865.478625
2883185608.6957335
2887816511.260193
2866493401.426718
2875534042.3202586
2857491480.4330335
2892278771.143681
2877040738.770003
2868169500.385176
2859517601.1585426
2865037189.158666
2856124637.617403
2865712370.184054
2857776527.629486
2868264577.945537
2851434704.5133753
2877778110.691231
2863773632.496217
2828096006.2747884
2804587568.2308025
2812753375.1099463
2780330599.500768
2780193214.0403204
2800997414.044539
2754138731.8598733
2784027280.5639186
2741925879.993648
2794678275.189272
2811507982.745538
2794222916.179338
2802616216.855446
2799046049.056603
2830428038.0876946
2783532989.2830567
2766549002.043168
2758525322.4180117
2771864881.438511
2756176739.1010747
2732147727.8917923
2765841311.352395
2753814548.8092823
2742203394.3901978
2745971559.231698
2749893994.4068017
2740471379.693865
2722645789.9388924
2739387878.61187
2767832355.6948195
2766545138.1170454
2755149321.3455615
2742190557.110692
2755049560.0902066
2752289076.2613854
2778162315.122772
2765354400.6004295
2786662346.8704834
2769601367.4106393
2792068524.135121
2799278922.270619
2800326473.230021
2797279362.220055
2787599848.5786004
2792498351.0100613
2740393877.691295
2751372848.0860286
2760949292.70844
2735122975.5518875
2756325765.96473
2740483314.6223545
2731158552.5998683
2780878581.597271
2814502177.9318824
2827602222.974749
2810334879.3509793
2833687845.0325522
2830457951.489795
2817719331.1209464
2825046007.3045573
2830667131.174943
2820171314.7905326
2803687773.701891
2836448394.48889
2814209833.8445687
2823860123.596069
2830949981.2905545
2816932160.8235035
2860876300.483213
2848925898.0794163
2843569642.3304453
2808669637.2391505
2826091050.193137
