0.49
0.49
0.43
0.49
0.46
0.48
0.50
0.54
0.52
0.40
0.47
0.44
0.45
0.43
0.47
0.49
0.52
0.51
0.39
0.51
0.44
0.50
0.42
0.47
0.44
0.48
0.52
0.46
0.36
0.48
0.47
0.52
0.53
0.49
0.45
0.52
0.45
0.52
0.47
0.35
0.50
0.49
0.53
0.53
0.43
0.43
0.49
0.49
0.52
0.49
0.38
0.64
0.51
0.61
0.69
0.48
0.52
0.47
0.55
0.50
0.56
0.56
0.39
0.53
0.63
0.47
0.61
0.60
0.50
0.71
0.68
0.55
0.68
0.63
0.65
26.66
0.80
0.70
0.80
0.83
0.76
0.94
0.86
0.72
0.82
0.84
0.63
0.77
0.87
0.77
0.68
0.74
0.86
0.93
0.89
0.82
0.92
0.92
0.82
0.89
0.89
0.97
1.01
1.07
0.95
1.22
1.06
1.00
1.14
1.27
1.00
0.83
1.04
1.24
1.15
1.26
1.16
1.06
1.19
1.13
1.06
0.97
1.19
1.21
0.98
28.56
1.12
1.19
1.15
1.26
1.12
1.15
1.28
1.00
1.21
1.18
1.25
0.97
1.18
0.98
1.21
1.20
0.99
1.11
0.94
1.08
1.05
1.33
1.37
1.00
1.22
1.15
1.16
1.46
1.18
1.33
1.19
1.32
1.36
1.24
1.23
1.24
1.02
1.28
1.10
1.16
1.26
1.25
28.06
1.13
1.28
1.16
1.40
1.32
1.05
1.04
1.25
1.26
1.31
1.20
1.35
1.19
1.24
1.14
1.03
1.22
1.41
1.09
1.38
1.38
1.18
1.10
1.25
1.28
1.21
1.27
1.03
1.26
1.40
1.23
1.30
1.24
1.30
1.00
1.34
1.00
1.26
1.47
1.24
1.11
25.22
1.34
1.20
1.39
1.30
1.10
1.37
1.22
1.32
1.36
1.36
1.30
1.33
1.23
1.18
1.05
1.22
1.17
0.99
1.15
1.23
1.18
1.28
1.15
1.19
1.08
1.14
1.34
1.04
1.18
1.12
0.98
0.93
1.19
1.20
1.28
1.21
1.33
1.40
1.38
1.28
1.31
25.45
0.99
1.34
1.28
1.33
1.29
1.27
1.21
1.20
1.28
1.14
1.18
1.29
0.98
1.30
1.04
1.34
1.34
1.29
1.20
1.25
1.29
1.22
1.18
1.23
1.10
1.13
1.13
1.06
1.08
1.19
1.23
1.21
1.03
1.25
1.31
1.05
1.21
1.40
1.37
1.21
1.15
1.34
27.65
1.29
1.26
1.32
1.28
1.35
1.04
1.29
1.24
1.26
1.25
1.03
0.92
1.14
1.20
1.44
1.17
1.35
1.29
1.46
1.18
1.20
1.06
1.19
1.20
1.04
1.30
1.14
1.24
1.27
1.17
1.24
1.32
1.26
1.19
1.31
1.32
1.30
1.32
1.13
1.29
1.24
26.95
0.99
1.03
1.32
1.27
1.08
1.28
1.33
1.34
1.30
1.32
1.14
1.23
1.09
1.26
1.18
1.31
1.31
1.27
1.23
1.13
1.19
1.30
1.07
1.30
1.23
1.06
1.34
1.14
1.15
1.19
1.26
1.29
1.25
1.16
1.29
1.10
1.29
1.15
1.31
1.07
1.29
25.75
1.08
1.24
1.20
1.35
1.27
1.23
1.16
1.25
1.19
1.22
1.30
1.34
1.23
1.25
1.11
1.28
1.41
1.11
1.35
1.38
1.31
1.11
1.33
1.34
1.24
1.21
1.28
1.05
1.19
1.41
1.26
1.32
1.33
1.05
1.32
1.56
1.32
1.32
1.27
1.33
26.90
1.30
1.13
1.30
1.34
1.28
1.34
1.22
1.00
1.29
1.12
1.09
1.17
1.17
1.20
1.28
1.25
1.16
1.05
1.26
0.93
1.19
1.37
1.36
1.29
1.32
1.33
1.20
1.06
1.29
1.20
1.03
1.24
0.99
1.06
1.15
1.15
1.04
1.14
0.89
1.16
0.99
1.18
26.71
1.15
1.10
1.19
1.08
1.18
1.18
1.24
1.26
1.27
1.29
1.30
1.24
1.16
1.21
0.99
1.27
1.01
1.26
1.09
1.03
1.22
1.15
1.15
1.27
1.08
1.29
1.19
1.30
1.20
1.19
1.29
1.26
1.32
1.29
1.45
1.29
1.14
1.10
1.17
0.94
1.25
1.22
51.75
1.13
1.26
0.86
0.92
1.21
1.06
0.97
0.90
1.15
1.37
1.26
1.30
1.12
1.22
0.95
1.11
1.23
1.18
1.42
1.13
1.32
1.29
1.29
1.16
1.36
1.14
0.95
0.97
1.26
1.24
1.11
1.28
1.25
1.29
1.13
1.36
1.22
1.44
1.17
1.19
1.29
0.98
51.43
1.18
1.26
1.26
0.97
1.30
0.91
1.23
1.21
1.08
1.17
1.11
0.93
1.18
1.20
1.20
1.31
1.17
1.12
1.20
1.20
1.30
1.22
1.07
1.18
0.98
1.05
1.16
1.24
1.19
1.14
1.28
1.12
1.03
0.96
1.09
1.28
1.12
1.14
1.06
1.10
1.20
1.14
1.09
75.95
1.26
1.27
1.26
1.10
1.24
1.28
1.00
1.09
1.21
1.25
1.36
1.37
1.21
1.22
1.30
1.31
1.16
1.14
1.28
1.32
1.23
1.23
1.30
1.23
1.40
1.32
1.29
1.36
1.20
1.27
1.24
1.22
1.35
1.20
0.91
1.35
1.36
1.14
1.18
1.16
1.00
27.11
1.17
1.25
1.26
1.11
1.19
1.10
1.06
1.26
1.32
1.22
1.28
1.33
1.32
1.09
1.31
0.86
1.13
1.07
1.25
1.14
1.25
1.21
1.27
0.98
1.22
1.19
1.24
1.16
1.28
1.30
1.18
1.08
1.19
1.03
1.19
1.21
1.40
1.35
1.27
1.29
1.17
78.60
1.21
1.33
0.93
1.27
1.19
1.25
1.23
1.26
1.21
1.36
1.11
1.19
1.36
1.11
1.14
1.21
1.33
1.36
1.33
1.11
1.37
1.21
1.34
1.20
1.35
1.19
1.28
1.32
1.29
1.32
1.30
1.29
1.30
1.12
0.96
1.23
1.33
1.33
1.22
1.27
1.15
76.65
1.06
1.12
1.09
1.15
1.29
1.30
1.08
1.31
1.08
1.23
1.14
0.96
1.07
1.02
1.23
1.11
1.31
1.17
1.12
1.20
1.29
1.10
1.31
1.16
1.20
1.20
1.26
1.16
1.20
1.32
1.16
1.02
1.26
1.30
1.16
1.32
1.19
1.36
1.28
1.35
1.15
78.25
1.24
1.15
1.33
1.15
1.13
1.25
1.26
1.16
1.20
1.14
1.16
1.25
1.16
0.96
1.21
1.21
1.13
1.07
1.10
1.26
1.19
1.16
1.16
1.28
1.19
0.90
1.26
1.25
1.34
1.20
1.18
1.14
1.22
1.24
1.29
1.22
1.21
1.26
1.23
1.29
0.95
102.78
1.27
1.13
1.18
1.14
1.13
1.18
1.23
1.08
0.99
1.03
1.08
1.17
1.18
1.24
1.26
1.09
1.12
1.27
0.97
1.12
1.16
1.01
1.21
1.23
0.93
1.28
1.29
1.27
1.16
1.15
1.11
1.35
1.30
1.28
1.48
1.12
1.22
1.20
1.10
1.36
1.22
1.27
101.46
1.35
1.25
1.20
1.27
1.28
1.28
1.29
1.30
1.38
1.18
1.07
1.20
1.24
1.10
1.24
1.30
1.24
1.10
1.29
1.28
1.28
1.22
1.07
1.02
1.16
1.23
1.28
1.18
1.35
1.21
1.22
1.10
1.02
1.30
1.14
1.16
1.27
1.12
0.94
1.18
1.26
100.57
1.16
1.32
1.12
1.16
1.02
1.28
1.21
1.26
1.29
1.16
1.21
1.26
1.06
1.01
1.09
1.15
1.15
1.25
1.13
1.20
1.14
1.39
1.18
1.22
1.18
1.21
1.19
1.26
1.35
1.15
1.41
1.32
1.34
1.33
1.17
0.95
1.15
1.03
1.19
1.19
1.11
1.23
102.93
1.14
1.01
1.12
1.02
1.05
0.89
1.10
1.04
1.03
1.05
0.98
0.87
0.96
1.07
0.86
0.96
0.96
0.96
0.98
0.88
0.77
0.91
0.89
0.88
0.94
0.98
0.76
0.78
0.87
0.75
0.96
0.95
0.82
1.11
1.12
1.03
1.06
1.24
1.00
0.98
1.06
1.06
1.01
1.11
1.13
0.85
51.26
1.10
1.13
1.10
1.09
1.11
1.16
1.05
0.92
1.07
0.98
1.01
1.10
1.09
0.85
1.06
1.06
1.17
1.15
1.24
0.91
1.17
1.30
1.43
1.24
1.17
1.28
1.30
1.18
1.31
1.26
1.24
1.21
1.15
1.14
1.03
1.20
1.36
0.93
1.02
1.37
1.27
1.12
1.15
101.68
1.31
1.31
1.20
1.30
1.13
1.31
1.19
1.23
1.17
1.23
1.33
1.20
1.28
1.30
1.22
1.38
1.28
1.26
1.17
1.29
1.18
1.00
1.24
1.27
1.20
1.31
1.26
1.33
1.31
1.32
1.09
1.22
1.16
1.13
1.27
1.01
1.04
1.28
1.20
1.02
1.18
103.15
1.11
1.28
1.25
1.40
1.21
1.31
1.30
1.29
1.08
1.10
1.23
1.31
1.21
1.26
1.14
0.98
1.06
1.07
1.24
1.18
1.20
1.22
1.01
1.01
1.15
1.18
1.29
1.08
1.18
1.30
1.16
1.10
1.25
1.01
1.06
1.21
1.53
1.32
1.38
1.30
1.39
102.17
1.30
1.26
0.97
1.21
1.28
1.20
1.21
1.32
1.32
1.19
1.13
1.35
1.21
1.22
1.25
1.36
1.29
1.18
1.33
1.15
1.22
1.26
1.23
1.20
1.21
1.04
1.27
1.25
1.10
1.20
0.96
1.10
1.13
1.17
1.22
1.02
1.31
1.22
1.28
1.26
1.31
52.00
0.88
1.19
1.04
1.31
1.14
1.26
1.22
1.36
1.28
1.06
1.30
1.13
1.35
1.28
1.30
1.04
1.08
1.35
0.91
0.98
1.19
1.29
1.17
1.30
1.27
1.30
1.22
1.28
1.26
1.08
1.29
1.48
1.25
1.32
1.30
1.05
1.06
1.37
1.26
1.12
1.20
104.67
1.29
1.20
1.16
1.20
1.11
1.28
1.05
1.26
1.10
1.16
1.29
1.36
1.23
1.04
1.20
1.34
1.15
1.14
0.96
1.17
1.30
1.34
0.88
1.21
1.27
1.13
0.97
1.42
1.28
1.04
1.32
1.01
1.53
1.15
1.23
1.24
1.27
1.23
1.29
0.97
1.33
96.06
1.23
1.31
1.26
1.19
1.34
1.30
1.31
1.26
1.21
0.90
1.27
1.17
1.22
1.26
1.27
1.32
1.30
1.27
1.15
1.22
1.23
1.25
1.23
1.21
1.31
1.06
1.32
1.14
1.13
1.30
1.15
1.08
1.31
1.06
1.28
1.41
0.92
1.29
1.10
1.37
1.04
102.42
1.31
1.37
0.98
1.33
1.18
1.21
1.30
1.27
1.31
1.29
1.29
1.29
1.15
1.28
1.09
1.32
1.32
1.16
1.28
1.16
1.11
1.12
1.06
1.22
1.22
1.09
1.09
1.19
1.22
1.04
1.17
1.03
1.13
1.16
1.16
1.27
1.11
1.13
1.24
1.29
1.28
1.30
103.51
1.30
1.17
1.19
1.33
1.11
1.07
1.23
1.22
1.04
1.28
1.22
1.33
1.15
1.11
1.25
1.20
1.12
1.18
1.14
1.04
1.19
1.09
1.28
1.10
1.20
1.29
1.27
1.28
1.11
1.27
1.22
1.06
1.26
1.27
1.28
1.27
1.22
1.28
1.23
1.30
1.23
49.29
1.20
1.25
1.13
1.18
1.17
1.10
1.19
1.07
1.17
1.24
1.20
1.24
1.17
0.98
1.31
1.24
1.20
1.22
1.08
1.24
1.21
1.37
1.30
1.09
1.16
1.27
1.32
1.23
1.40
1.36
1.37
1.32
1.22
1.15
1.29
1.35
1.03
1.26
1.18
1.24
1.25
75.89
1.01
1.25
1.25
1.02
1.26
1.20
1.23
1.15
1.19
1.24
1.28
1.20
1.22
1.26
1.33
1.30
1.23
1.05
1.23
1.25
1.27
1.28
1.32
1.10
1.29
1.39
1.20
1.14
1.29
1.31
1.17
1.04
0.91
1.31
1.30
1.22
1.30
1.28
1.22
1.12
1.26
49.67
1.35
1.23
1.25
0.90
0.96
1.20
1.27
1.22
1.07
1.23
1.25
1.30
1.20
1.27
1.09
1.22
1.20
1.28
1.26
1.22
1.03
1.30
1.18
1.31
1.13
1.21
1.34
1.19
1.16
1.23
1.32
1.19
1.37
1.18
1.40
1.31
1.31
1.12
1.48
1.30
1.23
76.62
1.26
1.23
1.17
1.13
1.08
1.25
1.21
1.21
0.96
1.02
1.30
1.24
1.27
1.21
0.97
0.92
1.20
0.95
1.13
1.24
1.10
1.29
1.14
1.26
1.29
1.10
1.14
1.21
1.25
1.11
1.28
1.09
1.16
1.25
1.15
1.25
1.17
1.30
1.30
1.30
1.25
78.73
1.19
1.28
1.17
1.22
1.17
1.26
1.09
1.02
1.19
1.31
1.30
1.20
1.28
1.28
1.20
1.16
1.13
1.10
1.15
1.27
1.27
1.41
1.34
1.33
1.35
1.08
1.30
1.24
1.15
1.25
1.11
1.06
1.15
1.04
1.28
1.03
1.26
1.08
1.28
1.15
1.27
76.19
1.09
1.16
1.12
1.19
1.30
1.16
1.37
1.25
1.17
1.19
1.29
1.25
1.24
1.27
1.30
1.20
1.21
1.31
1.22
1.22
1.38
1.31
1.17
1.28
1.28
0.91
1.16
1.22
1.18
1.08
1.27
1.37
1.51
1.12
1.10
1.16
1.04
1.21
1.21
1.07
1.22
101.66
1.09
1.11
1.00
1.26
1.33
1.13
1.27
1.28
1.03
0.99
1.32
1.22
1.37
1.32
1.07
1.21
1.28
1.27
1.18
1.16
1.35
1.32
1.30
1.31
1.23
1.31
0.94
1.10
1.21
1.24
1.12
1.25
1.06
1.26
1.07
1.22
1.05
1.27
1.24
1.00
1.23
101.76
1.07
1.26
1.23
0.94
1.20
1.27
1.30
0.99
1.25
1.00
1.20
1.24
1.29
1.11
1.31
1.24
1.12
1.13
1.28
1.13
1.31
1.41
1.30
1.21
1.09
1.31
1.10
1.05
1.23
1.13
1.20
1.28
1.16
0.99
1.16
1.26
1.29
1.13
1.07
1.15
1.00
75.97
1.24
1.29
1.31
1.25
1.31
1.22
1.03
1.15
1.30
1.25
1.27
1.22
1.29
1.20
1.14
1.17
1.41
1.26
1.28
1.19
1.32
1.09
1.29
1.18
1.19
1.20
1.24
0.98
1.17
1.07
1.30
1.08
1.33
1.30
1.53
1.25
1.22
0.93
1.25
1.23
1.29
99.22
1.18
1.26
1.14
1.29
1.11
1.19
1.27
1.17
1.23
0.97
1.21
1.23
1.24
1.34
1.17
1.33
1.12
1.10
0.88
1.01
1.13
1.20
1.11
1.21
1.20
1.30
1.29
1.32
1.15
1.10
1.33
1.07
1.39
1.34
1.31
1.31
1.10
1.31
1.27
1.21
1.17
1.19
100.62
1.12
1.26
1.05
1.24
1.19
1.17
1.12
1.00
1.23
1.20
1.19
0.92
1.20
1.02
1.03
1.25
1.03
1.22
1.30
1.29
1.23
1.29
1.28
1.29
1.32
1.23
1.39
1.17
1.10
1.22
1.15
1.25
1.11
1.27
1.20
1.16
1.27
1.19
1.26
1.19
1.27
98.17
1.19
1.17
1.12
1.23
1.04
1.35
1.24
1.18
1.01
1.11
1.24
1.32
1.09
1.29
1.23
1.21
1.19
1.11
1.23
1.17
1.14
1.24
1.22
1.17
1.31
1.06
1.17
0.92
1.15
1.33
1.22
1.27
1.17
1.14
1.18
1.44
1.21
1.31
1.13
1.03
1.27
1.31
76.65
1.25
1.21
1.32
1.26
1.14
1.02
1.21
1.29
1.28
1.13
1.28
1.35
1.21
1.32
1.30
1.29
1.33
1.18
1.30
1.14
1.21
1.06
1.17
1.22
1.14
1.18
1.45
1.29
1.25
1.27
1.14
0.99
1.22
1.14
1.28
1.20
0.98
1.20
1.12
1.18
1.12
99.92
1.21
1.07
1.20
1.16
1.38
1.21
1.14
1.16
1.23
1.29
1.41
1.29
1.12
1.21
1.18
1.16
1.22
1.06
1.02
1.05
1.15
1.20
1.10
1.21
1.37
1.11
1.16
1.20
1.21
1.09
1.15
1.11
0.88
1.09
1.08
1.09
1.06
0.89
0.97
1.11
1.15
1.14
25.61
1.12
1.00
1.18
1.03
1.15
1.16
1.17
1.06
0.97
1.07
1.10
1.21
1.12
1.12
0.96
1.09
1.08
1.13
0.98
1.05
1.07
1.15
1.12
1.17
1.15
1.07
1.17
1.17
1.01
1.40
1.13
1.03
1.10
1.28
1.13
1.28
1.08
1.16
1.10
1.21
1.13
1.21
1.22
74.42
1.20
1.31
1.21
1.23
1.26
1.09
1.37
1.15
1.34
0.97
1.32
1.27
1.26
1.20
1.27
1.16
1.18
1.27
1.12
1.27
1.24
1.18
1.15
1.35
1.29
1.27
1.17
1.25
1.35
1.28
1.18
1.32
1.23
1.36
1.27
1.28
1.24
1.02
1.07
1.19
1.05
51.41
0.90
0.96
0.94
1.22
1.17
1.25
1.27
1.31
1.35
1.24
1.41
1.10
1.10
1.25
1.23
1.10
1.12
1.15
1.18
1.11
1.00
1.28
1.31
1.46
1.11
1.00
1.29
1.16
1.28
1.32
1.08
1.33
1.13
1.33
1.13
1.24
1.21
1.12
1.24
1.06
1.15
52.70
1.03
1.21
1.16
1.21
1.12
1.18
1.00
1.16
1.07
0.96
1.11
1.16
1.23
1.07
1.11
1.17
1.28
1.18
1.11
1.29
1.31
1.30
1.23
1.28
1.27
1.27
1.17
1.20
1.09
0.95
1.07
1.27
1.31
1.32
1.09
1.30
1.49
1.04
0.84
1.12
1.19
1.05
73.57
1.22
1.21
1.16
1.17
1.21
1.17
1.12
0.95
1.05
0.99
1.28
1.17
1.31
1.16
1.29
1.19
1.18
1.22
1.09
1.04
1.08
1.28
1.03
1.10
1.07
1.09
1.31
1.18
1.24
1.13
1.31
1.23
1.25
1.25
1.12
1.29
1.28
1.49
1.19
1.14
1.26
49.89
1.34
1.23
1.14
1.29
1.04
1.14
1.15
1.27
1.32
1.26
0.98
0.99
1.19
1.10
1.23
1.21
1.31
0.99
1.14
1.22
1.20
1.19
1.13
1.08
0.98
1.06
1.03
1.38
1.30
1.15
1.33
1.24
1.31
1.29
1.16
1.10
1.10
1.18
1.20
1.15
1.19
76.47
1.24
1.36
1.19
1.21
1.08
1.17
1.25
1.18
1.15
0.99
1.27
1.24
0.89
1.29
0.92
1.40
1.22
1.17
1.29
1.44
1.29
1.24
1.29
1.08
1.24
1.31
1.14
1.21
1.24
1.34
1.33
1.24
1.24
1.37
1.20
1.05
1.04
1.36
1.20
1.25
1.09
25.99
1.18
1.05
1.23
0.88
1.20
1.13
1.23
1.25
1.16
1.22
1.18
1.11
1.23
1.14
1.27
1.30
0.93
1.25
1.00
1.17
1.37
1.15
1.30
1.28
1.32
1.09
1.25
1.12
1.20
1.28
1.28
1.32
1.17
1.18
1.13
1.20
0.98
1.12
1.21
1.14
1.15
1.14
74.64
1.19
1.07
1.17
1.12
1.15
1.13
0.99
1.04
1.16
1.13
1.12
1.13
1.07
0.97
1.10
1.14
1.16
1.11
1.00
0.89
1.13
1.01
1.11
1.09
0.98
0.98
1.12
1.09
1.24
1.01
1.06
1.03
1.04
1.05
0.94
1.04
1.04
1.12
1.10
1.30
1.08
1.09
1.09
0.85
1.08
50.82
0.89
1.17
1.12
0.99
0.85
1.01
0.74
1.01
1.13
1.08
1.09
1.13
1.10
1.17
1.19
1.07
1.01
0.96
0.83
1.17
1.09
1.07
1.04
1.21
1.11
1.07
1.21
1.21
1.03
1.34
1.09
1.25
1.30
1.22
1.26
1.23
1.32
1.08
1.25
1.35
1.02
1.16
1.26
98.22
1.31
0.98
1.24
1.28
1.16
1.09
1.20
1.25
1.22
1.21
0.83
1.16
1.16
1.23
1.12
1.15
1.17
1.05
1.20
1.16
1.14
1.19
1.26
1.22
1.06
1.30
1.15
1.36
1.30
1.16
1.28
1.10
1.31
1.29
1.08
1.25
1.13
1.24
1.17
1.31
1.31
26.51
1.09
1.24
1.24
1.34
1.28
1.22
1.28
1.29
1.36
1.17
1.16
1.42
1.22
1.16
1.25
1.21
1.25
1.26
1.23
1.17
1.44
1.29
1.13
1.14
1.30
1.40
1.27
1.29
1.32
1.30
1.23
1.15
1.17
1.22
1.14
1.23
1.19
1.24
1.26
1.32
1.05
26.31
1.12
1.20
1.26
1.16
1.06
1.32
1.13
1.23
1.12
1.22
1.05
1.15
1.10
1.10
1.04
1.19
1.12
0.99
1.12
0.93
1.23
1.14
1.13
1.25
1.36
1.06
1.26
1.17
1.20
1.27
1.23
1.29
1.34
1.18
1.21
1.19
1.23
1.05
1.07
1.09
1.08
1.23
52.86
1.13
0.93
1.13
1.19
1.02
1.00
1.10
1.01
1.03
1.19
1.03
1.09
1.16
1.15
1.01
1.15
0.94
1.10
1.05
0.97
0.96
1.04
0.95
0.93
0.80
0.98
0.88
1.01
1.10
0.93
1.01
1.10
0.90
0.95
0.87
1.23
1.00
1.04
1.11
1.12
1.06
1.11
1.03
0.90
1.14
1.12
98.54
1.00
0.88
1.07
1.10
1.09
1.08
1.13
0.91
1.11
1.13
1.23
1.20
1.18
1.20
1.02
1.12
1.06
1.03
1.23
0.87
1.14
1.27
1.29
1.43
1.29
1.21
1.19
1.30
1.28
1.21
0.90
1.28
1.53
1.28
1.31
1.07
1.15
1.33
1.27
1.26
1.15
0.98
73.95
1.29
1.17
1.18
1.31
1.25
1.16
1.06
1.24
1.33
1.22
1.24
1.10
1.24
1.01
1.02
1.33
1.27
0.92
1.31
1.27
1.31
1.22
1.01
1.25
1.33
1.42
1.12
1.20
0.95
1.14
1.11
1.09
1.20
1.00
1.26
1.24
1.16
0.94
1.12
1.07
1.26
104.18
1.21
1.19
1.06
1.07
1.00
1.00
0.98
1.11
1.03
1.03
1.07
0.99
0.83
1.02
0.96
1.13
1.17
1.21
1.12
1.24
1.16
0.98
1.04
1.17
1.23
1.01
1.29
1.43
0.95
1.06
1.09
1.13
1.04
1.09
1.29
1.17
1.14
1.11
1.14
1.22
1.05
1.17
1.20
74.97
1.24
1.17
1.07
1.23
1.35
1.26
1.27
1.18
1.26
1.32
1.09
1.18
1.27
1.20
1.25
1.29
1.13
1.19
1.15
1.24
1.21
1.30
1.29
1.22
1.30
1.06
1.04
1.21
1.42
1.17
1.01
1.07
1.14
1.23
1.23
1.16
0.99
1.07
0.95
0.96
1.19
1.02
80.48
1.12
1.11
1.08
1.01
1.04
1.06
1.04
1.17
0.98
0.98
1.16
1.08
0.96
1.14
1.08
0.84
1.01
0.97
0.99
1.05
0.86
1.03
0.93
1.10
0.95
1.01
0.87
0.98
1.13
1.04
1.02
0.96
0.91
1.14
1.00
1.08
1.14
0.92
1.09
1.30
1.17
1.16
1.06
1.25
77.37
0.97
1.13
1.17
1.23
1.22
1.21
1.25
1.11
1.16
1.28
1.18
1.08
1.03
1.29
1.27
1.24
1.29
1.26
1.18
1.23
1.17
1.12
1.11
1.24
0.99
1.09
1.26
1.18
1.17
1.23
1.17
1.23
1.27
1.22
1.23
1.39
1.41
1.18
1.06
1.13
1.20
1.26
78.75
1.28
1.29
1.23
1.31
1.18
1.06
1.15
1.43
1.36
1.12
1.27
1.08
1.24
1.29
1.18
1.27
1.28
1.27
1.33
1.28
1.25
1.23
1.10
1.28
1.17
1.11
1.20
1.35
1.22
1.08
1.13
1.19
1.27
1.44
1.10
1.27
1.30
1.23
1.07
1.32
100.12
1.26
1.29
1.24
1.30
1.25
1.20
1.15
1.03
1.29
1.17
1.00
1.02
1.23
1.14
0.88
1.32
1.21
1.06
1.19
1.17
1.25
1.29
1.03
1.29
1.28
1.16
1.25
1.39
0.89
1.07
1.29
1.11
1.16
1.42
1.25
1.27
1.28
1.27
1.31
1.14
1.24
1.00
102.96
1.31
1.24
1.21
1.15
1.16
0.88
1.16
1.15
1.17
0.96
1.23
1.14
1.10
1.08
1.22
1.22
0.89
1.19
1.11
1.12
1.13
1.33
1.15
0.95
1.06
1.07
1.23
1.03
1.27
1.06
1.30
1.30
1.22
1.21
1.20
1.38
1.05
1.30
1.37
1.29
1.27
1.26
98.63
1.19
1.11
1.27
1.03
1.09
1.15
1.23
1.28
1.33
1.14
1.14
1.10
1.17
1.20
1.09
1.29
1.12
1.30
0.89
1.12
1.00
1.38
1.20
1.20
1.23
1.14
1.26
1.18
1.23
1.15
1.26
1.07
1.08
1.21
1.24
1.14
1.12
1.18
1.28
1.21
1.34
104.47
1.23
1.31
1.17
1.22
1.09
1.33
1.27
1.28
1.20
1.16
1.28
1.15
1.31
1.33
1.35
1.39
1.11
1.21
1.13
1.33
1.26
1.23
1.14
1.25
1.26
1.23
1.19
1.31
1.28
1.20
1.15
1.49
1.30
1.19
1.23
1.11
1.35
1.40
1.26
1.27
1.28
102.90
1.20
1.24
1.24
1.37
1.32
1.15
1.05
1.09
1.20
1.11
1.21
1.17
1.31
1.22
1.24
1.26
1.32
1.34
1.44
1.27
1.25
1.10
1.20
1.22
1.17
1.11
1.11
1.27
1.13
1.20
1.24
1.01
1.33
1.16
1.13
1.29
1.11
1.20
1.48
1.13
1.11
102.74
1.30
1.35
1.29
1.21
1.18
1.33
1.35
1.27
1.36
1.43
1.27
1.26
1.28
1.33
1.26
1.13
1.24
1.27
1.00
1.40
1.07
1.30
0.99
1.36
1.25
1.15
1.29
1.30
1.05
1.20
1.27
1.32
1.33
1.31
1.19
1.26
1.32
1.34
1.32
1.25
99.04
1.32
1.18
1.14
1.23
1.26
1.15
1.19
1.08
1.19
1.13
1.32
1.07
1.32
1.18
1.12
1.20
1.22
1.14
1.01
1.23
1.17
1.28
1.22
1.37
1.26
1.28
1.24
1.16
1.14
1.20
1.34
1.21
1.20
1.29
0.98
1.14
1.25
1.17
1.27
1.33
1.31
101.26
1.21
1.29
1.27
1.07
1.22
0.94
1.32
1.19
1.00
1.13
1.09
1.20
1.12
1.24
1.18
1.09
1.15
1.09
1.25
1.16
1.30
1.39
1.14
1.23
1.42
1.23
1.14
1.07
1.33
1.28
1.16
1.29
1.30
1.14
1.30
1.13
1.22
0.91
1.21
1.19
1.12
100.38
1.28
1.30
1.27
1.25
1.19
0.99
1.18
1.25
1.17
1.22
1.19
1.06
1.01
1.21
1.37
1.02
1.22
1.28
1.11
1.17
1.28
1.35
1.25
1.25
1.28
1.33
1.21
1.08
1.11
1.13
1.08
1.35
1.32
1.19
1.24
1.25
1.35
1.16
1.28
1.25
1.50
101.76
1.31
1.22
1.04
1.13
1.18
1.18
1.22
1.25
1.33
1.28
1.30
1.28
1.33
1.23
1.30
1.34
1.32
1.07
1.21
1.19
1.29
1.28
1.43
1.28
1.34
1.19
1.22
1.23
1.17
1.26
1.08
1.34
1.02
1.08
1.07
1.08
1.30
1.30
1.16
1.19
1.27
100.52
1.36
1.29
1.08
0.99
1.18
1.10
1.23
1.24
1.26
1.29
1.26
1.27
1.22
1.09
1.27
1.27
1.21
1.08
1.14
1.19
1.29
1.26
1.02
1.22
1.25
1.20
1.03
1.30
1.09
1.30
1.13
1.05
1.32
1.13
1.05
1.32
1.31
1.23
1.00
1.22
1.20
1.24
101.71
1.32
1.15
1.24
1.16
1.29
1.31
1.25
1.21
1.26
1.33
1.31
1.18
1.30
1.30
1.23
1.13
1.22
1.34
1.32
1.18
1.21
1.34
1.15
1.16
1.28
1.28
1.22
1.00
1.26
1.18
1.14
1.44
1.14
1.29
1.23
1.04
0.90
1.22
1.27
1.10
99.58
1.26
1.19
1.25
1.15
1.31
1.22
1.05
1.36
1.29
1.14
1.32
1.20
1.25
1.04
1.06
1.15
1.40
1.04
1.10
1.20
1.42
1.18
1.02
1.33
1.26
1.23
1.13
1.24
1.09
1.23
1.00
1.22
1.02
0.95
1.26
1.48
1.15
1.23
1.12
0.99
1.20
1.09
50.51
1.19
1.09
1.03
1.16
0.91
1.20
1.14
1.11
1.16
1.17
1.14
1.15
1.08
1.10
1.24
1.17
1.02
1.14
1.36
1.44
1.27
1.17
0.95
1.27
1.20
1.32
1.28
1.26
1.04
1.19
1.29
1.27
1.06
1.23
1.15
1.19
1.12
0.97
1.29
1.12
1.27
1.22
27.51
1.07
1.27
1.25
1.32
1.12
1.29
1.35
1.27
1.26
1.26
1.25
1.24
1.10
1.17
1.31
1.28
1.17
1.00
1.27
1.14
1.31
1.20
1.35
1.19
1.18
1.14
1.20
1.10
1.29
1.08
1.27
1.27
1.22
1.12
1.21
1.43
1.08
1.18
1.24
1.32
1.14
26.47
1.24
1.19
1.22
1.20
1.06
1.08
1.22
1.17
1.15
1.09
1.13
1.16
1.21
1.28
1.34
1.32
1.23
1.22
0.89
0.87
1.05
1.15
1.20
1.21
0.99
0.99
1.24
1.14
0.98
1.16
1.12
1.25
1.36
1.31
1.30
1.46
1.27
1.30
1.09
1.05
1.09
1.30
74.60
1.26
1.21
1.28
1.35
1.20
1.36
1.14
1.15
1.24
1.27
1.24
1.11
1.19
1.22
1.23
1.24
1.14
1.12
1.18
1.28
1.08
1.15
1.11
1.17
1.16
1.24
1.22
1.08
1.34
1.34
1.21
1.38
1.01
1.11
1.00
1.31
1.29
1.32
1.27
1.24
1.12
50.67
1.28
1.24
1.35
1.30
1.33
1.27
1.28
1.24
1.25
1.29
1.27
1.32
1.16
1.27
1.26
1.21
1.18
1.11
0.96
1.04
1.10
1.12
1.16
0.98
1.02
1.09
1.22
1.02
1.06
1.22
0.85
1.16
0.95
1.13
1.12
1.14
1.17
1.10
1.16
0.86
1.10
1.14
1.16
52.60
1.07
1.24
1.10
1.32
1.21
1.09
1.12
1.25
1.14
1.13
1.27
1.29
1.26
1.18
1.27
1.22
1.19
1.09
1.08
1.04
1.24
1.11
1.29
1.11
0.99
1.14
1.27
1.12
1.12
1.33
1.12
1.25
1.20
1.26
1.11
1.30
1.20
1.08
1.23
1.36
1.33
99.75
1.33
1.09
1.15
1.16
1.21
1.29
1.20
1.09
1.07
1.14
0.97
1.13
0.94
1.13
1.26
1.08
1.12
1.22
1.27
1.20
1.19
1.21
1.18
1.34
1.19
1.37
1.46
1.21
1.09
1.18
1.21
1.21
1.21
1.20
1.22
1.07
1.13
1.21
1.17
1.22
1.31
1.28
102.40
1.14
1.14
1.19
1.14
1.16
1.24
1.23
1.21
1.22
1.08
1.09
1.09
1.28
1.33
1.13
1.21
1.07
1.38
1.29
1.07
1.19
1.09
1.18
1.18
1.26
1.28
1.06
1.18
1.16
1.23
1.27
1.05
1.28
1.17
1.21
1.15
1.28
1.16
1.36
1.15
1.27
101.36
1.23
1.33
1.13
0.95
1.23
1.18
1.28
1.24
1.08
1.01
1.06
0.97
1.14
1.18
1.13
1.25
1.28
0.99
1.37
1.11
1.02
1.17
1.26
1.21
1.17
0.99
1.44
1.27
1.13
1.28
1.30
1.35
1.34
1.22
1.28
1.22
1.18
1.24
1.15
1.21
1.26
1.26
101.96
1.12
1.08
1.08
1.02
1.10
1.30
1.31
1.29
1.18
1.22
1.19
1.03
1.15
1.09
1.13
1.09
1.13
1.32
1.26
1.12
1.01
1.31
1.28
1.28
1.31
1.32
1.26
1.19
1.28
1.11
1.23
0.99
1.13
1.27
1.22
1.19
1.09
1.08
0.90
1.25
1.22
78.25
1.08
1.20
1.06
1.22
1.15
1.19
1.11
1.23
1.30
1.32
1.21
1.07
1.04
1.11
1.16
1.19
0.96
1.20
1.00
1.06
1.10
1.17
1.27
1.09
1.17
1.02
1.03
0.97
0.88
1.00
1.02
1.09
1.22
1.04
1.08
0.82
1.10
1.13
0.98
1.10
1.08
1.06
1.05
0.90
51.47
1.10
0.87
0.89
0.93
0.95
1.01
1.07
0.87
0.89
0.88
1.14
1.08
0.95
1.05
1.01
1.11
1.10
1.10
1.10
1.20
1.09
1.08
1.13
1.02
1.10
1.12
1.09
1.13
0.92
1.04
0.94
0.96
1.13
1.09
1.00
1.06
1.17
1.08
1.34
1.13
1.19
1.20
1.01
1.01
1.24
23.87
1.21
1.16
1.13
1.23
1.13
1.12
1.12
1.19
1.29
1.15
1.33
1.32
1.30
1.25
1.13
1.31
1.09
1.30
1.17
1.39
1.06
1.27
1.28
1.32
1.19
1.31
1.27
1.34
1.26
1.20
1.32
1.18
1.15
1.29
1.29
1.08
1.32
1.29
1.22
1.31
1.28
25.31
1.17
1.25
1.06
1.05
1.11
1.25
1.30
1.12
1.11
1.13
1.12
1.25
1.22
1.14
1.01
1.09
1.00
1.16
1.20
1.10
1.07
1.23
1.28
1.12
1.03
1.09
1.19
1.23
1.28
1.33
1.29
1.07
1.31
1.09
1.08
1.25
1.32
1.31
1.18
1.22
1.25
51.18
1.23
1.21
1.32
1.22
1.26
1.18
1.25
1.09
1.23
1.21
1.18
1.02
1.08
1.23
1.01
1.10
1.21
1.16
1.26
1.21
1.39
1.16
1.10
1.24
1.28
1.24
1.34
1.13
1.35
1.47
1.21
1.19
1.12
1.14
1.23
1.12
1.07
1.25
0.97
1.09
1.21
1.07
25.65
1.22
1.09
1.13
1.02
1.11
0.98
1.22
1.22
1.20
1.18
1.04
1.09
1.02
1.17
0.85
1.08
0.93
1.18
1.19
1.15
1.21
1.15
1.07
1.16
1.11
1.00
1.22
1.33
1.10
1.13
1.18
1.17
1.08
1.11
0.99
1.22
1.25
1.21
1.14
1.22
1.30
1.28
1.22
99.17
1.33
1.29
1.05
1.23
1.27
1.25
1.19
1.17
1.20
1.19
1.19
1.10
1.07
1.21
1.13
1.20
0.86
1.15
1.01
1.20
1.12
1.30
1.27
1.37
1.12
1.30
1.10
1.23
1.30
1.31
1.09
1.34
1.09
1.26
1.25
1.22
0.95
1.14
1.12
1.11
1.28
49.94
1.26
1.37
1.18
1.12
1.23
1.29
0.96
1.37
1.35
1.32
1.28
1.16
1.17
1.06
1.06
1.26
1.29
1.31
1.15
1.25
1.23
1.11
1.28
0.87
1.15
1.09
1.18
0.96
1.20
1.25
1.11
1.24
1.10
1.24
1.28
1.05
1.22
1.20
1.04
1.37
1.28
1.29
100.55
1.27
1.29
1.28
1.16
1.09
1.20
1.11
1.11
1.17
1.30
1.18
1.29
1.05
1.04
1.25
0.97
1.21
1.16
1.23
1.32
1.28
1.25
1.47
1.30
1.32
1.33
1.29
1.31
1.30
1.32
0.94
1.31
1.16
1.32
1.31
1.29
1.27
1.20
1.09
1.23
1.14
102.67
1.31
1.31
1.14
1.22
1.14
1.21
1.09
0.88
1.34
1.21
1.24
1.24
1.13
1.08
1.15
1.26
1.24
1.28
1.14
1.18
1.32
1.30
1.20
1.27
1.18
1.18
1.24
1.28
1.37
1.47
1.35
1.19
1.31
1.19
1.18
1.31
1.30
1.33
1.29
1.27
1.33
100.27
1.29
1.17
1.02
1.34
1.16
1.15
1.16
1.19
1.26
1.22
1.30
1.13
1.16
0.99
1.13
1.21
1.26
1.31
1.30
1.27
1.27
1.13
1.20
1.22
1.13
1.07
1.08
1.13
0.85
1.21
0.98
1.34
1.18
1.45
1.29
1.32
1.05
1.28
1.28
1.21
1.24
102.28
1.35
1.17
1.19
1.23
1.33
1.21
1.09
1.24
1.21
1.21
1.28
1.40
1.22
1.24
1.18
1.11
1.33
1.15
1.30
1.31
1.20
1.36
1.33
1.22
1.04
1.32
1.15
1.22
1.21
1.31
1.26
1.44
1.03
1.05
0.91
1.14
1.17
1.19
1.21
1.14
1.21
106.16
1.28
1.11
1.21
1.26
1.01
1.13
1.18
1.24
1.21
1.15
1.26
1.18
1.13
1.25
1.02
1.22
1.25
1.20
1.11
1.22
1.15
1.30
1.33
1.22
1.13
1.26
1.16
1.24
1.34
1.27
1.00
1.10
1.30
1.29
1.32
1.24
1.15
1.31
1.14
1.16
1.07
1.25
99.65
1.12
1.31
1.42
1.30
1.18
1.09
1.14
0.96
1.26
1.10
1.13
1.24
1.02
1.22
1.19
1.02
1.14
1.05
1.23
1.23
1.28
1.12
1.23
1.26
1.21
1.14
1.26
1.14
1.26
1.23
1.30
1.42
1.29
1.15
1.07
1.18
1.28
1.09
1.23
1.31
1.20
97.87
1.09
1.23
1.08
1.18
0.95
1.22
1.10
1.25
1.22
1.23
1.20
1.11
0.86
0.87
1.12
1.07
0.94
1.08
1.02
1.01
1.05
1.18
1.03
0.89
1.17
1.20
1.16
1.11
1.15
1.22
1.30
1.30
1.20
1.42
1.30
1.30
1.32
1.49
1.13
1.17
1.19
1.30
100.74
1.27
1.06
1.16
1.20
1.28
1.26
1.41
1.35
1.39
1.25
1.03
1.15
1.18
1.24
1.23
1.32
1.30
0.89
0.93
1.49
1.35
1.29
1.23
1.09
1.27
0.99
1.22
1.23
1.24
1.23
0.88
1.06
1.32
1.30
1.42
1.06
0.99
1.23
1.18
1.27
1.29
101.52
1.16
1.24
1.31
1.33
1.24
1.29
0.98
1.08
1.32
1.35
1.25
1.11
1.20
1.12
1.38
0.96
1.11
0.97
1.13
0.92
1.17
1.32
1.22
1.29
1.33
1.33
1.39
1.12
1.06
1.29
1.01
1.32
1.17
1.20
1.29
1.33
1.08
1.37
1.18
1.35
1.29
102.93
1.30
1.28
1.31
1.28
1.32
1.29
1.28
1.31
1.16
1.20
1.21
1.24
1.35
1.29
1.14
1.16
1.25
1.29
1.14
1.18
1.00
1.24
1.23
1.18
1.26
1.30
1.29
1.14
1.29
1.21
1.15
1.21
1.10
1.30
1.02
1.30
1.30
1.42
1.22
1.14
1.25
1.12
99.67
1.22
1.23
1.23
1.33
1.27
1.14
0.90
1.19
1.21
1.31
1.28
1.34
1.30
1.22
1.11
1.20
1.17
1.17
1.08
1.09
1.21
1.26
1.31
1.16
1.04
1.15
1.26
1.07
1.06
1.20
1.13
1.20
1.30
1.26
1.32
1.06
1.06
1.37
1.22
1.26
1.18
76.39
1.32
1.26
0.96
1.23
1.18
1.32
1.21
1.16
1.29
1.34
1.33
1.15
1.20
1.18
1.30
1.24
1.22
1.15
1.27
1.23
1.23
1.03
1.16
1.24
0.87
0.88
1.00
0.94
1.28
1.08
1.25
1.29
1.25
1.17
1.32
1.05
1.14
1.30
0.99
1.14
1.20
1.17
102.16
1.15
1.23
1.19
1.29
1.28
1.33
1.16
1.03
1.05
1.19
1.27
1.06
1.32
1.31
1.30
1.32
1.01
1.29
1.29
1.24
1.14
1.13
1.31
1.10
1.30
1.15
1.33
1.47
1.06
1.16
1.18
1.24
1.22
1.36
1.13
1.34
1.28
1.28
1.18
1.11
1.17
99.16
1.33
1.10
1.29
1.34
1.30
1.22
1.30
1.23
1.17
1.30
1.34
1.39
1.20
0.99
1.19
1.34
1.26
1.05
1.29
1.31
1.33
1.29
1.27
1.22
1.15
1.35
1.31
1.35
1.26
1.11
1.29
1.18
1.19
1.50
1.22
1.07
1.25
1.14
1.25
1.33
1.22
102.41
1.28
1.25
1.06
1.06
1.07
1.18
1.25
0.99
1.41
1.31
1.31
1.26
1.23
1.25
1.23
1.31
1.38
1.31
1.03
1.30
1.30
1.15
1.30
1.27
1.36
1.31
1.34
1.32
1.25
1.21
1.19
1.14
1.33
1.31
1.16
1.37
1.39
1.31
1.15
1.03
100.37
1.30
1.33
1.31
1.32
1.14
1.30
1.11
0.95
1.33
1.32
1.34
1.27
1.33
1.17
1.12
1.24
1.31
1.34
1.19
1.15
1.33
1.29
1.18
1.32
1.22
1.38
1.29
1.20
1.29
1.24
1.22
1.23
1.10
1.42
